cutoff = 8
elapsed_time: 10.664853096
self.best_paths:
{1: {1: [[[1], 0, 1]], 2: [[[1, 100, 3, 7, 6, 12, 5, 4, 2], 14, 0.8]], 3: [[[1, 2, 5, 12, 13, 14, 8, 7, 3], 11, 0.8], [[1, 2, 4, 5, 10, 12, 6, 7, 3], 11, 0.8], [[1, 2, 4, 5, 12, 6, 7, 3], 11, 0.8], [[1, 2, 4, 9, 10, 12, 6, 7, 3], 11, 0.8], [[1, 4, 2, 5, 10, 12, 6, 7, 3], 11, 0.8], [[1, 4, 2, 5, 12, 6, 7, 3], 11, 0.8], [[1, 4, 5, 12, 13, 14, 8, 7, 3], 11, 0.8]], 100: [[[1, 2, 4, 5, 12, 6, 7, 3, 100], 12, 0.8], [[1, 4, 2, 5, 12, 6, 7, 3, 100], 12, 0.8]], 5: [[[1, 2, 3, 7, 8, 14, 13, 12, 5], 11, 0.8], [[1, 4, 2, 3, 7, 6, 12, 5], 11, 0.8], [[1, 4, 2, 3, 7, 6, 12, 10, 5], 11, 0.8]], 6: [[[1, 2, 3, 7, 8, 14, 13, 12, 6], 10, 0.8]], 7: [[[1, 2, 4, 5, 12, 13, 14, 8, 7], 12, 1.0], [[1, 4, 2, 5, 12, 13, 14, 8, 7], 12, 1.0]], 8: [[[1, 2, 3, 7, 6, 12, 13, 14, 8], 10, 0.8]], 9: [[[1, 4, 2, 3, 7, 6, 12, 10, 9], 11, 0.8]], 10: [[[1, 2, 3, 7, 8, 14, 13, 12, 10], 10, 0.8], [[1, 4, 2, 3, 7, 6, 12, 10], 10, 0.8]], 11: [[[1, 4, 2, 3, 7, 6, 12, 16, 11], 10, 0.8]], 12: [[[1, 4, 2, 3, 7, 8, 14, 13, 12], 10, 1.0]], 13: [[[1, 4, 2, 3, 7, 8, 14, 13], 8, 0.8]], 14: [[[1, 4, 2, 3, 7, 6, 12, 13, 14], 11, 1.0]], 15: [[[1, 2, 3, 7, 6, 12, 13, 14, 15], 10, 0.8], [[1, 4, 2, 3, 7, 8, 14, 13, 15], 10, 0.8]], 16: [[[1, 2, 3, 7, 8, 14, 13, 12, 16], 9, 0.8], [[1, 4, 2, 3, 7, 6, 12, 16], 9, 0.8]], 200: [[[1, 4, 2, 3, 7, 8, 14, 13, 200], 9, 0.8]], 4: [[[1, 100, 3, 7, 6, 12, 5, 2, 4], 14, 0.8], [[1, 9, 10, 12, 6, 7, 3, 2, 4], 14, 0.8]]},

2: {1: [[[2, 4, 5, 12, 6, 7, 3, 100, 1], 14, 0.8]], 2: [[[2], 0, 1]], 3: [[[2, 4, 5, 12, 13, 14, 8, 7, 3], 12, 1.0]], 100: [[[2, 5, 12, 13, 14, 8, 7, 3, 100], 11, 0.8], [[2, 4, 5, 10, 12, 6, 7, 3, 100], 11, 0.8], [[2, 4, 5, 12, 6, 7, 3, 100], 11, 0.8], [[2, 4, 9, 10, 12, 6, 7, 3, 100], 11, 0.8]], 5: [[[2, 3, 7, 8, 14, 13, 12, 5], 10, 0.8], [[2, 3, 7, 8, 14, 13, 12, 6, 5], 10, 0.8], [[2, 3, 7, 8, 14, 13, 12, 10, 5], 10, 0.8]], 6: [[[2, 4, 5, 12, 13, 14, 8, 7, 6], 12, 1.0]], 7: [[[2, 4, 5, 6, 12, 13, 14, 8, 7], 11, 1.0], [[2, 4, 5, 10, 12, 13, 14, 8, 7], 11, 1.0], [[2, 4, 5, 12, 13, 14, 8, 7], 11, 1.0], [[2, 4, 9, 10, 12, 13, 14, 8, 7], 11, 1.0]], 8: [[[2, 4, 5, 12, 13, 14, 6, 7, 8], 14, 1.0]], 9: [[[2, 3, 7, 8, 14, 13, 12, 10, 9], 10, 0.8]], 10: [[[2, 3, 7, 8, 14, 13, 12, 10], 9, 0.8]], 11: [[[2, 3, 7, 8, 14, 13, 12, 16, 11], 9, 0.8]], 12: [[[2, 4, 5, 6, 7, 8, 14, 13, 12], 10, 1.0]], 13: [[[2, 4, 5, 12, 6, 7, 8, 14, 13], 12, 1.0]], 14: [[[2, 4, 5, 3, 7, 6, 12, 13, 14], 12, 1.0]], 15: [[[2, 3, 7, 6, 12, 13, 14, 15], 9, 0.8]], 16: [[[2, 3, 7, 8, 14, 13, 12, 16], 8, 0.8]], 200: [[[2, 3, 7, 8, 14, 13, 12, 16, 200], 9, 0.8], [[2, 4, 5, 6, 7, 8, 14, 13, 200], 9, 0.8]], 4: [[[2, 3, 7, 8, 14, 13, 12, 5, 4], 11, 0.8]]},

3: {1: [[[3, 7, 8, 14, 13, 12, 5, 2, 1], 11, 0.8], [[3, 7, 8, 14, 13, 12, 5, 4, 1], 11, 0.8], [[3, 7, 6, 12, 5, 2, 4, 1], 11, 0.8], [[3, 7, 6, 12, 5, 4, 2, 1], 11, 0.8], [[3, 7, 6, 12, 10, 9, 4, 2, 1], 11, 0.8], [[3, 7, 6, 12, 10, 5, 2, 4, 1], 11, 0.8], [[3, 7, 6, 12, 10, 5, 4, 2, 1], 11, 0.8]], 2: [[[3, 7, 8, 14, 13, 12, 5, 4, 2], 12, 1.0]], 3: [[[3], 0, 1]], 100: [[[3, 7, 8, 14, 13, 12, 5, 2, 100], 11, 0.8], [[3, 7, 6, 12, 5, 4, 2, 100], 11, 0.8], [[3, 7, 6, 12, 10, 9, 4, 2, 100], 11, 0.8], [[3, 7, 6, 12, 10, 5, 4, 2, 100], 11, 0.8]], 5: [[[3, 7, 8, 14, 13, 12, 5], 9, 0.8], [[3, 7, 8, 14, 13, 12, 6, 5], 9, 0.8], [[3, 7, 8, 14, 13, 12, 10, 5], 9, 0.8]], 6: [[[3, 7, 8, 14, 13, 12, 6], 8, 0.8]], 7: [[[3, 2, 4, 5, 12, 13, 14, 8, 7], 12, 1.0]], 8: [[[3, 7, 6, 12, 13, 14, 8], 8, 0.8]], 9: [[[3, 7, 8, 14, 13, 12, 10, 9], 9, 0.8], [[3, 7, 8, 14, 13, 12, 16, 11, 9], 9, 0.8]], 10: [[[3, 7, 8, 14, 13, 12, 10], 8, 0.8]], 11: [[[3, 7, 8, 14, 13, 12, 16, 11], 8, 0.8]], 12: [[[3, 7, 8, 14, 13, 12], 6, 0.8]], 13: [[[3, 2, 4, 5, 6, 7, 8, 14, 13], 9, 0.8], [[3, 7, 6, 12, 16, 200, 15, 14, 13], 9, 0.8]], 14: [[[3, 7, 6, 12, 13, 14], 7, 0.8]], 15: [[[3, 7, 6, 12, 13, 14, 15], 8, 0.8]], 16: [[[3, 7, 8, 14, 13, 12, 16], 7, 0.8]], 200: [[[3, 7, 8, 14, 13, 12, 16, 200], 8, 0.8]], 4: [[[3, 7, 8, 14, 13, 12, 5, 2, 4], 12, 1.0]]},

100: {1: [[[100, 3, 7, 6, 12, 5, 2, 4, 1], 12, 0.8], [[100, 3, 7, 6, 12, 5, 4, 2, 1], 12, 0.8]], 2: [[[100, 3, 7, 8, 14, 13, 12, 5, 2], 11, 0.8], [[100, 3, 7, 6, 12, 5, 4, 2], 11, 0.8], [[100, 3, 7, 6, 12, 10, 9, 4, 2], 11, 0.8], [[100, 3, 7, 6, 12, 10, 5, 4, 2], 11, 0.8]], 3: [[[100, 2, 5, 12, 13, 14, 8, 7, 3], 11, 0.8], [[100, 2, 4, 5, 10, 12, 6, 7, 3], 11, 0.8], [[100, 2, 4, 5, 12, 6, 7, 3], 11, 0.8], [[100, 2, 4, 9, 10, 12, 6, 7, 3], 11, 0.8]], 100: [[[100], 0, 1]], 5: [[[100, 3, 7, 8, 14, 13, 12, 5], 10, 0.8], [[100, 3, 7, 8, 14, 13, 12, 6, 5], 10, 0.8], [[100, 3, 7, 8, 14, 13, 12, 10, 5], 10, 0.8]], 6: [[[100, 3, 7, 8, 14, 13, 12, 6], 9, 0.8]], 7: [[[100, 2, 4, 5, 12, 13, 14, 8, 7], 12, 1.0]], 8: [[[100, 3, 7, 6, 12, 13, 14, 8], 9, 0.8]], 9: [[[100, 3, 7, 8, 14, 13, 12, 10, 9], 10, 0.8]], 10: [[[100, 3, 7, 8, 14, 13, 12, 10], 9, 0.8]], 11: [[[100, 3, 7, 8, 14, 13, 12, 16, 11], 9, 0.8]], 12: [[[100, 3, 7, 8, 14, 13, 12], 7, 0.8]], 13: [[[100, 2, 4, 5, 6, 7, 8, 14, 13], 9, 0.8]], 14: [[[100, 3, 7, 6, 12, 13, 14], 8, 0.8]], 15: [[[100, 3, 7, 6, 12, 13, 14, 15], 9, 0.8]], 16: [[[100, 3, 7, 8, 14, 13, 12, 16], 8, 0.8]], 200: [[[100, 3, 7, 8, 14, 13, 12, 16, 200], 9, 0.8]], 4: [[[100, 3, 7, 8, 14, 13, 12, 5, 4], 11, 0.8], [[100, 3, 7, 6, 12, 5, 2, 4], 11, 0.8], [[100, 3, 7, 6, 12, 10, 5, 2, 4], 11, 0.8]]},

5: {1: [[[5, 10, 12, 6, 7, 3, 2, 4, 1], 11, 0.8], [[5, 12, 6, 7, 3, 2, 4, 1], 11, 0.8], [[5, 12, 13, 14, 8, 7, 3, 2, 1], 11, 0.8]], 2: [[[5, 6, 12, 13, 14, 8, 7, 3, 2], 10, 0.8], [[5, 10, 12, 13, 14, 8, 7, 3, 2], 10, 0.8], [[5, 12, 13, 14, 8, 7, 3, 2], 10, 0.8]], 3: [[[5, 6, 12, 13, 14, 8, 7, 3], 9, 0.8], [[5, 10, 12, 13, 14, 8, 7, 3], 9, 0.8], [[5, 12, 13, 14, 8, 7, 3], 9, 0.8]], 100: [[[5, 6, 12, 13, 14, 8, 7, 3, 100], 10, 0.8], [[5, 10, 12, 13, 14, 8, 7, 3, 100], 10, 0.8], [[5, 12, 13, 14, 8, 7, 3, 100], 10, 0.8]], 5: [[[5], 0, 1]], 6: [[[5, 10, 12, 13, 14, 8, 7, 6], 9, 0.8], [[5, 12, 13, 14, 8, 7, 6], 9, 0.8]], 7: [[[5, 6, 12, 13, 14, 8, 7], 8, 0.8], [[5, 10, 12, 13, 14, 8, 7], 8, 0.8], [[5, 12, 13, 14, 8, 7], 8, 0.8]], 8: [[[5, 2, 3, 7, 6, 12, 13, 14, 8], 10, 0.8], [[5, 3, 7, 6, 12, 13, 14, 8], 10, 0.8]], 9: [[[5, 6, 7, 8, 14, 13, 12, 10, 9], 10, 0.8]], 10: [[[5, 6, 7, 8, 14, 13, 12, 10], 9, 0.8]], 11: [[[5, 6, 7, 8, 14, 13, 12, 16, 11], 9, 0.8]], 12: [[[5, 4, 2, 3, 7, 8, 14, 13, 12], 10, 1.0]], 13: [[[5, 4, 2, 3, 7, 8, 14, 13], 8, 0.8]], 14: [[[5, 4, 2, 3, 7, 6, 12, 13, 14], 11, 1.0]], 15: [[[5, 2, 3, 7, 6, 12, 13, 14, 15], 10, 0.8], [[5, 3, 7, 6, 12, 13, 14, 15], 10, 0.8], [[5, 4, 2, 3, 7, 8, 14, 13, 15], 10, 0.8]], 16: [[[5, 6, 7, 8, 14, 13, 12, 16], 8, 0.8]], 200: [[[5, 4, 2, 3, 7, 8, 14, 13, 200], 9, 0.8], [[5, 6, 7, 8, 14, 13, 12, 16, 200], 9, 0.8]], 4: [[[5, 12, 13, 14, 8, 7, 3, 2, 4], 12, 1.0]]},

6: {1: [[[6, 12, 13, 14, 8, 7, 3, 2, 1], 10, 0.8]], 2: [[[6, 7, 8, 14, 13, 12, 5, 4, 2], 12, 1.0]], 3: [[[6, 12, 13, 14, 8, 7, 3], 8, 0.8]], 100: [[[6, 12, 13, 14, 8, 7, 3, 100], 9, 0.8]], 5: [[[6, 7, 8, 14, 13, 12, 5], 9, 0.8], [[6, 7, 8, 14, 13, 12, 10, 5], 9, 0.8]], 6: [[[6], 0, 1]], 7: [[[6, 14, 13, 12, 5, 4, 2, 3, 7], 14, 1.0]], 8: [[[6, 7, 3, 2, 5, 12, 13, 14, 8], 11, 0.8], [[6, 7, 3, 5, 10, 12, 13, 14, 8], 11, 0.8], [[6, 7, 3, 5, 12, 13, 14, 8], 11, 0.8], [[6, 12, 5, 4, 2, 3, 7, 8], 11, 0.8], [[6, 12, 10, 9, 4, 2, 3, 7, 8], 11, 0.8], [[6, 12, 10, 5, 4, 2, 3, 7, 8], 11, 0.8]], 9: [[[6, 7, 8, 14, 13, 12, 10, 9], 9, 0.8], [[6, 7, 8, 14, 13, 12, 16, 11, 9], 9, 0.8]], 10: [[[6, 7, 8, 14, 13, 12, 10], 8, 0.8]], 11: [[[6, 7, 8, 14, 13, 12, 16, 11], 8, 0.8]], 12: [[[6, 7, 8, 14, 13, 12], 6, 0.8]], 13: [[[6, 5, 4, 2, 3, 7, 8, 14, 13], 9, 0.8]], 14: [[[6, 7, 3, 2, 4, 5, 12, 13, 14], 12, 1.0]], 15: [[[6, 7, 8, 14, 13, 12, 16, 200, 15], 9, 0.8]], 16: [[[6, 7, 8, 14, 13, 12, 16], 7, 0.8]], 200: [[[6, 7, 8, 14, 13, 12, 16, 200], 8, 0.8]], 4: [[[6, 12, 13, 14, 8, 7, 3, 2, 4], 11, 1.0]]},

7: {1: [[[7, 8, 14, 13, 12, 5, 2, 4, 1], 12, 1.0], [[7, 8, 14, 13, 12, 5, 4, 2, 1], 12, 1.0]], 2: [[[7, 8, 14, 13, 12, 5, 4, 2], 11, 1.0], [[7, 8, 14, 13, 12, 6, 5, 4, 2], 11, 1.0], [[7, 8, 14, 13, 12, 10, 9, 4, 2], 11, 1.0], [[7, 8, 14, 13, 12, 10, 5, 4, 2], 11, 1.0]], 3: [[[7, 8, 14, 13, 12, 5, 4, 2, 3], 12, 1.0]], 100: [[[7, 8, 14, 13, 12, 5, 4, 2, 100], 12, 1.0]], 5: [[[7, 8, 14, 13, 12, 5], 8, 0.8], [[7, 8, 14, 13, 12, 6, 5], 8, 0.8], [[7, 8, 14, 13, 12, 10, 5], 8, 0.8]], 6: [[[7, 3, 2, 4, 5, 12, 13, 14, 6], 14, 1.0]], 7: [[[7], 0, 1]], 8: [[[7, 3, 2, 4, 5, 12, 13, 14, 8], 12, 1.0]], 9: [[[7, 8, 14, 13, 12, 5, 2, 4, 9], 12, 1.0]], 10: [[[7, 8, 14, 13, 12, 10], 7, 0.8]], 11: [[[7, 8, 14, 13, 12, 16, 11], 7, 0.8]], 12: [[[7, 3, 2, 4, 5, 6, 14, 13, 12], 12, 1.0]], 13: [[[7, 3, 2, 4, 5, 12, 6, 14, 13], 14, 1.0]], 14: [[[7, 3, 2, 4, 5, 6, 12, 13, 14], 11, 1.0], [[7, 3, 2, 4, 5, 10, 12, 13, 14], 11, 1.0], [[7, 3, 2, 4, 5, 12, 13, 14], 11, 1.0], [[7, 3, 2, 4, 9, 10, 12, 13, 14], 11, 1.0]], 15: [[[7, 3, 2, 4, 5, 12, 13, 14, 15], 12, 1.0]], 16: [[[7, 8, 14, 13, 12, 16], 6, 0.8]], 200: [[[7, 8, 14, 13, 12, 16, 200], 7, 0.8]], 4: [[[7, 8, 14, 13, 12, 5, 2, 4], 11, 1.0], [[7, 8, 14, 13, 12, 6, 5, 2, 4], 11, 1.0], [[7, 8, 14, 13, 12, 10, 5, 2, 4], 11, 1.0]]},

8: {1: [[[8, 14, 13, 12, 6, 7, 3, 2, 1], 10, 0.8]], 2: [[[8, 7, 6, 14, 13, 12, 5, 4, 2], 14, 1.0]], 3: [[[8, 14, 13, 12, 6, 7, 3], 8, 0.8]], 100: [[[8, 14, 13, 12, 6, 7, 3, 100], 9, 0.8]], 5: [[[8, 14, 13, 12, 6, 7, 3, 2, 5], 10, 0.8], [[8, 14, 13, 12, 6, 7, 3, 5], 10, 0.8]], 6: [[[8, 14, 13, 12, 5, 2, 3, 7, 6], 11, 0.8], [[8, 14, 13, 12, 5, 3, 7, 6], 11, 0.8], [[8, 14, 13, 12, 10, 5, 3, 7, 6], 11, 0.8], [[8, 7, 3, 2, 4, 5, 10, 12, 6], 11, 0.8], [[8, 7, 3, 2, 4, 5, 12, 6], 11, 0.8], [[8, 7, 3, 2, 4, 9, 10, 12, 6], 11, 0.8]], 7: [[[8, 14, 13, 12, 5, 4, 2, 3, 7], 12, 1.0]], 8: [[[8], 0, 1]], 9: [[[8, 14, 13, 12, 5, 2, 4, 9], 11, 0.8], [[8, 14, 13, 12, 6, 5, 2, 4, 9], 11, 0.8], [[8, 14, 13, 12, 10, 5, 2, 4, 9], 11, 0.8], [[8, 7, 6, 12, 5, 2, 4, 9], 11, 0.8], [[8, 7, 6, 12, 10, 5, 2, 4, 9], 11, 0.8], [[8, 7, 6, 14, 13, 12, 10, 9], 11, 0.8], [[8, 7, 6, 14, 13, 12, 16, 11, 9], 11, 0.8]], 10: [[[8, 7, 6, 14, 13, 12, 10], 10, 0.8]], 11: [[[8, 7, 6, 14, 13, 12, 16, 11], 10, 0.8]], 12: [[[8, 7, 6, 14, 13, 12], 8, 0.8]], 13: [[[8, 7, 6, 12, 16, 200, 15, 14, 13], 9, 0.8]], 14: [[[8, 7, 3, 2, 4, 5, 12, 13, 14], 12, 1.0]], 15: [[[8, 7, 6, 12, 13, 14, 15], 8, 0.8]], 16: [[[8, 7, 6, 14, 13, 12, 16], 9, 0.8]], 200: [[[8, 7, 6, 12, 13, 14, 15, 200], 9, 0.8]], 4: [[[8, 14, 13, 12, 6, 7, 3, 2, 4], 11, 1.0]]},

9: {1: [[[9, 10, 12, 6, 7, 3, 2, 4, 1], 11, 0.8]], 2: [[[9, 10, 12, 13, 14, 8, 7, 3, 2], 10, 0.8]], 3: [[[9, 10, 12, 13, 14, 8, 7, 3], 9, 0.8], [[9, 11, 16, 12, 13, 14, 8, 7, 3], 9, 0.8]], 100: [[[9, 10, 12, 13, 14, 8, 7, 3, 100], 10, 0.8]], 5: [[[9, 10, 12, 13, 14, 8, 7, 6, 5], 10, 0.8]], 6: [[[9, 10, 12, 13, 14, 8, 7, 6], 9, 0.8], [[9, 11, 16, 12, 13, 14, 8, 7, 6], 9, 0.8]], 7: [[[9, 4, 2, 5, 12, 13, 14, 8, 7], 12, 1.0]], 8: [[[9, 4, 2, 5, 6, 12, 13, 14, 8], 11, 0.8], [[9, 4, 2, 5, 10, 12, 6, 7, 8], 11, 0.8], [[9, 4, 2, 5, 10, 12, 13, 14, 8], 11, 0.8], [[9, 4, 2, 5, 12, 6, 7, 8], 11, 0.8], [[9, 4, 2, 5, 12, 13, 14, 8], 11, 0.8], [[9, 10, 12, 13, 14, 6, 7, 8], 11, 0.8], [[9, 11, 16, 12, 13, 14, 6, 7, 8], 11, 0.8]], 9: [[[9], 0, 1]], 10: [[[9, 4, 2, 3, 7, 6, 12, 10], 10, 0.8]], 11: [[[9, 4, 2, 3, 7, 6, 12, 16, 11], 10, 0.8]], 12: [[[9, 4, 2, 3, 7, 8, 14, 13, 12], 10, 1.0]], 13: [[[9, 4, 2, 3, 7, 8, 14, 13], 8, 0.8]], 14: [[[9, 4, 2, 3, 7, 6, 12, 13, 14], 11, 1.0]], 15: [[[9, 4, 2, 3, 7, 8, 14, 13, 15], 10, 0.8]], 16: [[[9, 4, 2, 3, 7, 6, 12, 16], 9, 0.8]], 200: [[[9, 4, 2, 3, 7, 8, 14, 13, 200], 9, 0.8]], 4: [[[9, 10, 12, 6, 7, 3, 2, 4], 10, 0.8], [[9, 11, 16, 12, 6, 7, 3, 2, 4], 10, 0.8]]},

10: {1: [[[10, 12, 6, 7, 3, 2, 4, 1], 10, 0.8], [[10, 12, 13, 14, 8, 7, 3, 2, 1], 10, 0.8]], 2: [[[10, 12, 13, 14, 8, 7, 3, 2], 9, 0.8]], 3: [[[10, 12, 13, 14, 8, 7, 3], 8, 0.8]], 100: [[[10, 12, 13, 14, 8, 7, 3, 100], 9, 0.8]], 5: [[[10, 12, 13, 14, 8, 7, 6, 5], 9, 0.8]], 6: [[[10, 12, 13, 14, 8, 7, 6], 8, 0.8]], 7: [[[10, 12, 13, 14, 8, 7], 7, 0.8]], 8: [[[10, 12, 13, 14, 6, 7, 8], 10, 0.8]], 9: [[[10, 12, 6, 7, 3, 2, 4, 9], 10, 0.8]], 10: [[[10], 0, 1]], 11: [[[10, 12, 6, 7, 8, 14, 13, 16, 11], 11, 0.8], [[10, 12, 6, 7, 3, 2, 4, 9, 11], 11, 0.8]], 12: [[[10, 5, 6, 7, 8, 14, 13, 12], 8, 0.8]], 13: [[[10, 12, 6, 7, 8, 14, 13], 8, 0.8]], 14: [[[10, 5, 2, 3, 7, 6, 12, 13, 14], 10, 0.8], [[10, 5, 3, 7, 6, 12, 13, 14], 10, 0.8]], 15: [[[10, 12, 6, 7, 8, 14, 13, 200, 15], 10, 0.8], [[10, 12, 6, 7, 8, 14, 13, 15], 10, 0.8]], 16: [[[10, 5, 6, 7, 8, 14, 13, 12, 16], 9, 0.8]], 200: [[[10, 12, 6, 7, 8, 14, 13, 200], 9, 0.8]], 4: [[[10, 12, 13, 14, 8, 7, 3, 2, 4], 11, 1.0]]},

11: {1: [[[11, 16, 12, 6, 7, 3, 2, 4, 1], 10, 0.8]], 2: [[[11, 16, 12, 13, 14, 8, 7, 3, 2], 9, 0.8]], 3: [[[11, 16, 12, 13, 14, 8, 7, 3], 8, 0.8]], 100: [[[11, 16, 12, 13, 14, 8, 7, 3, 100], 9, 0.8]], 5: [[[11, 16, 12, 13, 14, 8, 7, 6, 5], 9, 0.8]], 6: [[[11, 16, 12, 13, 14, 8, 7, 6], 8, 0.8]], 7: [[[11, 16, 12, 13, 14, 8, 7], 7, 0.8]], 8: [[[11, 16, 12, 13, 14, 6, 7, 8], 10, 0.8]], 9: [[[11, 16, 12, 6, 7, 3, 2, 4, 9], 10, 0.8]], 10: [[[11, 16, 13, 14, 8, 7, 6, 12, 10], 11, 0.8], [[11, 9, 4, 2, 3, 7, 6, 12, 10], 11, 0.8]], 11: [[[11], 0, 1]], 12: [[[11, 16, 200, 13, 14, 8, 7, 6, 12], 9, 0.8], [[11, 16, 13, 14, 8, 7, 6, 12], 9, 0.8], [[11, 9, 4, 2, 3, 7, 6, 12], 9, 0.8], [[11, 10, 5, 6, 7, 8, 14, 13, 12], 9, 0.8]], 13: [[[11, 16, 12, 6, 7, 8, 14, 13], 8, 0.8]], 14: [[[11, 9, 4, 2, 5, 6, 12, 13, 14], 11, 0.8], [[11, 9, 4, 2, 5, 10, 12, 13, 14], 11, 0.8], [[11, 9, 4, 2, 5, 12, 13, 14], 11, 0.8], [[11, 10, 5, 3, 7, 6, 12, 13, 14], 11, 0.8]], 15: [[[11, 16, 12, 6, 7, 8, 14, 13, 15], 10, 0.8]], 16: [[[11, 9, 4, 2, 3, 7, 6, 12, 16], 10, 0.8]], 200: [[[11, 16, 12, 6, 7, 8, 14, 13, 200], 9, 0.8]], 4: [[[11, 16, 12, 6, 7, 3, 2, 4], 9, 0.8]]},

12: {1: [[[12, 13, 14, 8, 7, 3, 2, 4, 1], 10, 1.0]], 2: [[[12, 13, 14, 8, 7, 6, 5, 4, 2], 10, 1.0]], 3: [[[12, 13, 14, 8, 7, 3], 6, 0.8]], 100: [[[12, 13, 14, 8, 7, 3, 100], 7, 0.8]], 5: [[[12, 13, 14, 8, 7, 3, 2, 4, 5], 10, 1.0]], 6: [[[12, 13, 14, 8, 7, 6], 6, 0.8]], 7: [[[12, 13, 14, 6, 5, 4, 2, 3, 7], 12, 1.0]], 8: [[[12, 13, 14, 6, 7, 8], 8, 0.8]], 9: [[[12, 13, 14, 8, 7, 3, 2, 4, 9], 10, 1.0]], 10: [[[12, 13, 14, 8, 7, 6, 5, 10], 8, 0.8]], 11: [[[12, 6, 7, 8, 14, 13, 200, 16, 11], 9, 0.8], [[12, 6, 7, 8, 14, 13, 16, 11], 9, 0.8], [[12, 6, 7, 3, 2, 4, 9, 11], 9, 0.8], [[12, 13, 14, 8, 7, 6, 5, 10, 11], 9, 0.8]], 12: [[[12], 0, 1]], 13: [[[12, 5, 4, 2, 3, 7, 8, 14, 13], 11, 1.0]], 14: [[[12, 5, 4, 2, 3, 7, 6, 13, 14], 14, 1.0]], 15: [[[12, 6, 7, 8, 14, 13, 200, 15], 8, 0.8], [[12, 6, 7, 8, 14, 13, 15], 8, 0.8]], 16: [[[12, 6, 7, 8, 14, 13, 200, 16], 8, 0.8], [[12, 6, 7, 8, 14, 13, 16], 8, 0.8]], 200: [[[12, 6, 7, 8, 14, 13, 200], 7, 0.8]], 4: [[[12, 13, 14, 8, 7, 3, 2, 4], 9, 1.0]]},

13: {1: [[[13, 14, 8, 7, 3, 2, 4, 1], 8, 0.8]], 2: [[[13, 14, 8, 7, 6, 12, 5, 4, 2], 12, 1.0]], 3: [[[13, 14, 8, 7, 6, 5, 4, 2, 3], 9, 0.8], [[13, 14, 15, 200, 16, 12, 6, 7, 3], 9, 0.8]], 100: [[[13, 14, 8, 7, 6, 5, 4, 2, 100], 9, 0.8]], 5: [[[13, 14, 8, 7, 3, 2, 4, 5], 8, 0.8]], 6: [[[13, 14, 8, 7, 3, 2, 4, 5, 6], 9, 0.8]], 7: [[[13, 14, 6, 12, 5, 4, 2, 3, 7], 14, 1.0]], 8: [[[13, 14, 15, 200, 16, 12, 6, 7, 8], 9, 0.8]], 9: [[[13, 14, 8, 7, 3, 2, 4, 9], 8, 0.8]], 10: [[[13, 14, 8, 7, 6, 12, 10], 8, 0.8]], 11: [[[13, 14, 8, 7, 6, 12, 16, 11], 8, 0.8]], 12: [[[13, 14, 8, 7, 3, 2, 4, 5, 12], 11, 1.0]], 13: [[[13], 0, 1]], 14: [[[13, 12, 5, 4, 2, 3, 7, 8, 14], 12, 0.8]], 15: [[[13, 14, 8, 7, 6, 12, 16, 200, 15], 9, 0.8]], 16: [[[13, 14, 8, 7, 6, 12, 16], 7, 0.8]], 200: [[[13, 14, 8, 7, 6, 12, 16, 200], 8, 0.8]], 4: [[[13, 14, 8, 7, 6, 12, 5, 2, 4], 12, 1.0]]},

14: {1: [[[14, 13, 12, 6, 7, 3, 2, 4, 1], 11, 1.0]], 2: [[[14, 13, 12, 6, 7, 3, 5, 4, 2], 12, 1.0]], 3: [[[14, 13, 12, 6, 7, 3], 7, 0.8]], 100: [[[14, 13, 12, 6, 7, 3, 100], 8, 0.8]], 5: [[[14, 13, 12, 6, 7, 3, 2, 4, 5], 11, 1.0]], 6: [[[14, 13, 12, 5, 4, 2, 3, 7, 6], 12, 1.0]], 7: [[[14, 13, 12, 5, 4, 2, 3, 7], 11, 1.0], [[14, 13, 12, 6, 5, 4, 2, 3, 7], 11, 1.0], [[14, 13, 12, 10, 9, 4, 2, 3, 7], 11, 1.0], [[14, 13, 12, 10, 5, 4, 2, 3, 7], 11, 1.0]], 8: [[[14, 13, 12, 5, 4, 2, 3, 7, 8], 12, 1.0]], 9: [[[14, 13, 12, 6, 7, 3, 2, 4, 9], 11, 1.0]], 10: [[[14, 13, 12, 6, 7, 3, 2, 5, 10], 10, 0.8], [[14, 13, 12, 6, 7, 3, 5, 10], 10, 0.8]], 11: [[[14, 13, 12, 5, 2, 4, 9, 11], 11, 0.8], [[14, 13, 12, 6, 5, 2, 4, 9, 11], 11, 0.8], [[14, 13, 12, 6, 7, 3, 5, 10, 11], 11, 0.8], [[14, 13, 12, 10, 5, 2, 4, 9, 11], 11, 0.8]], 12: [[[14, 13, 6, 7, 3, 2, 4, 5, 12], 14, 1.0]], 13: [[[14, 8, 7, 3, 2, 4, 5, 12, 13], 12, 0.8]], 14: [[[14], 0, 1]], 15: [[[14, 13, 12, 6, 7, 8, 15], 10, 0.8]], 16: [[[14, 8, 7, 3, 2, 4, 5, 12, 16], 11, 0.8], [[14, 13, 200, 15, 8, 7, 6, 12, 16], 11, 0.8], [[14, 13, 15, 8, 7, 6, 12, 16], 11, 0.8]], 200: [[[14, 13, 12, 6, 7, 8, 15, 200], 11, 0.8]], 4: [[[14, 13, 12, 6, 7, 3, 2, 4], 10, 1.0]]},

15: {1: [[[15, 13, 14, 8, 7, 3, 2, 4, 1], 10, 0.8], [[15, 14, 13, 12, 6, 7, 3, 2, 1], 10, 0.8]], 2: [[[15, 14, 13, 12, 6, 7, 3, 2], 9, 0.8]], 3: [[[15, 14, 13, 12, 6, 7, 3], 8, 0.8]], 100: [[[15, 14, 13, 12, 6, 7, 3, 100], 9, 0.8]], 5: [[[15, 13, 14, 8, 7, 3, 2, 4, 5], 10, 0.8], [[15, 14, 13, 12, 6, 7, 3, 2, 5], 10, 0.8], [[15, 14, 13, 12, 6, 7, 3, 5], 10, 0.8]], 6: [[[15, 200, 16, 12, 13, 14, 8, 7, 6], 9, 0.8]], 7: [[[15, 14, 13, 12, 5, 4, 2, 3, 7], 12, 1.0]], 8: [[[15, 14, 13, 12, 6, 7, 8], 8, 0.8]], 9: [[[15, 13, 14, 8, 7, 3, 2, 4, 9], 10, 0.8]], 10: [[[15, 200, 13, 14, 8, 7, 6, 12, 10], 10, 0.8], [[15, 13, 14, 8, 7, 6, 12, 10], 10, 0.8]], 11: [[[15, 13, 14, 8, 7, 6, 12, 16, 11], 10, 0.8]], 12: [[[15, 200, 13, 14, 8, 7, 6, 12], 8, 0.8], [[15, 13, 14, 8, 7, 6, 12], 8, 0.8]], 13: [[[15, 200, 16, 12, 6, 7, 8, 14, 13], 9, 0.8]], 14: [[[15, 8, 7, 6, 12, 13, 14], 10, 0.8]], 15: [[[15], 0, 1]], 16: [[[15, 200, 13, 14, 8, 7, 6, 12, 16], 9, 0.8], [[15, 13, 14, 8, 7, 6, 12, 16], 9, 0.8]], 200: [[[15, 13, 14, 8, 7, 6, 12, 16, 200], 10, 0.8]], 4: [[[15, 14, 13, 12, 6, 7, 3, 2, 4], 11, 1.0]]},

16: {1: [[[16, 12, 6, 7, 3, 2, 4, 1], 9, 0.8], [[16, 12, 13, 14, 8, 7, 3, 2, 1], 9, 0.8]], 2: [[[16, 12, 13, 14, 8, 7, 3, 2], 8, 0.8]], 3: [[[16, 12, 13, 14, 8, 7, 3], 7, 0.8]], 100: [[[16, 12, 13, 14, 8, 7, 3, 100], 8, 0.8]], 5: [[[16, 12, 13, 14, 8, 7, 6, 5], 8, 0.8]], 6: [[[16, 12, 13, 14, 8, 7, 6], 7, 0.8]], 7: [[[16, 12, 13, 14, 8, 7], 6, 0.8]], 8: [[[16, 12, 13, 14, 6, 7, 8], 9, 0.8]], 9: [[[16, 12, 6, 7, 3, 2, 4, 9], 9, 0.8]], 10: [[[16, 12, 13, 14, 8, 7, 6, 5, 10], 9, 0.8]], 11: [[[16, 12, 6, 7, 3, 2, 4, 9, 11], 10, 0.8]], 12: [[[16, 200, 13, 14, 8, 7, 6, 12], 8, 0.8], [[16, 13, 14, 8, 7, 6, 12], 8, 0.8]], 13: [[[16, 12, 6, 7, 8, 14, 13], 7, 0.8]], 14: [[[16, 12, 5, 4, 2, 3, 7, 8, 14], 11, 0.8], [[16, 12, 6, 7, 8, 15, 200, 13, 14], 11, 0.8], [[16, 12, 6, 7, 8, 15, 13, 14], 11, 0.8]], 15: [[[16, 12, 6, 7, 8, 14, 13, 200, 15], 9, 0.8], [[16, 12, 6, 7, 8, 14, 13, 15], 9, 0.8]], 16: [[[16], 0, 1]], 200: [[[16, 12, 6, 7, 8, 14, 13, 200], 8, 0.8]], 4: [[[16, 12, 13, 14, 8, 7, 3, 2, 4], 10, 1.0]]},

200: {1: [[[200, 13, 14, 8, 7, 3, 2, 4, 1], 9, 0.8]], 2: [[[200, 16, 12, 13, 14, 8, 7, 3, 2], 9, 0.8], [[200, 13, 14, 8, 7, 6, 5, 4, 2], 9, 0.8]], 3: [[[200, 16, 12, 13, 14, 8, 7, 3], 8, 0.8]], 100: [[[200, 16, 12, 13, 14, 8, 7, 3, 100], 9, 0.8]], 5: [[[200, 16, 12, 13, 14, 8, 7, 6, 5], 9, 0.8], [[200, 13, 14, 8, 7, 3, 2, 4, 5], 9, 0.8]], 6: [[[200, 16, 12, 13, 14, 8, 7, 6], 8, 0.8]], 7: [[[200, 16, 12, 13, 14, 8, 7], 7, 0.8]], 200: [[[200], 0, 1]], 9: [[[200, 13, 14, 8, 7, 3, 2, 4, 9], 9, 0.8]], 10: [[[200, 13, 14, 8, 7, 6, 12, 10], 9, 0.8]], 11: [[[200, 13, 14, 8, 7, 6, 12, 16, 11], 9, 0.8]], 12: [[[200, 13, 14, 8, 7, 6, 12], 7, 0.8]], 13: [[[200, 16, 12, 6, 7, 8, 14, 13], 8, 0.8]], 14: [[[200, 15, 8, 7, 6, 12, 13, 14], 11, 0.8]], 15: [[[200, 16, 12, 6, 7, 8, 14, 13, 15], 10, 0.8]], 16: [[[200, 13, 14, 8, 7, 6, 12, 16], 8, 0.8]], 8: [[[200, 15, 14, 13, 12, 6, 7, 8], 9, 0.8]], 4: [[[200, 13, 14, 8, 7, 3, 2, 4], 8, 0.8]]},

4: {1: [[[4, 2, 3, 7, 6, 12, 10, 9, 1], 14, 0.8], [[4, 2, 5, 12, 6, 7, 3, 100, 1], 14, 0.8]], 2: [[[4, 5, 12, 13, 14, 8, 7, 3, 2], 11, 0.8]], 3: [[[4, 2, 5, 12, 13, 14, 8, 7, 3], 12, 1.0]], 4: [[[4], 0, 1]], 5: [[[4, 2, 3, 7, 8, 14, 13, 12, 5], 12, 1.0]], 6: [[[4, 2, 3, 7, 8, 14, 13, 12, 6], 11, 1.0]], 7: [[[4, 2, 5, 6, 12, 13, 14, 8, 7], 11, 1.0], [[4, 2, 5, 10, 12, 13, 14, 8, 7], 11, 1.0], [[4, 2, 5, 12, 13, 14, 8, 7], 11, 1.0]], 8: [[[4, 2, 3, 7, 6, 12, 13, 14, 8], 11, 1.0]], 9: [[[4, 2, 3, 7, 6, 12, 10, 9], 10, 0.8], [[4, 2, 3, 7, 6, 12, 16, 11, 9], 10, 0.8]], 10: [[[4, 2, 3, 7, 8, 14, 13, 12, 10], 11, 1.0]], 11: [[[4, 2, 3, 7, 6, 12, 16, 11], 9, 0.8]], 12: [[[4, 2, 3, 7, 8, 14, 13, 12], 9, 1.0]], 13: [[[4, 2, 5, 12, 6, 7, 8, 14, 13], 12, 1.0]], 14: [[[4, 2, 3, 7, 6, 12, 13, 14], 10, 1.0]], 15: [[[4, 2, 3, 7, 6, 12, 13, 14, 15], 11, 1.0]], 16: [[[4, 2, 3, 7, 8, 14, 13, 12, 16], 10, 1.0]], 200: [[[4, 2, 3, 7, 8, 14, 13, 200], 8, 0.8]], 100: [[[4, 2, 5, 10, 12, 6, 7, 3, 100], 11, 0.8], [[4, 2, 5, 12, 6, 7, 3, 100], 11, 0.8], [[4, 5, 12, 13, 14, 8, 7, 3, 100], 11, 0.8]]}}









cutoff = 11
elapsed_time: 112.261312008
self.best_paths:
{1: {1: [[[1], 0, 1]], 2: [[[1, 100, 3, 7, 8, 14, 13, 12, 5, 4, 2], 16, 0.9], [[1, 100, 3, 7, 8, 14, 13, 12, 6, 5, 4, 2], 16, 0.9], [[1, 100, 3, 7, 8, 14, 13, 12, 10, 9, 4, 2], 16, 0.9], [[1, 100, 3, 7, 8, 14, 13, 12, 10, 5, 4, 2], 16, 0.9]], 3: [[[1, 2, 4, 5, 6, 12, 13, 14, 8, 7, 3], 13, 0.9], [[1, 2, 4, 5, 10, 12, 13, 14, 8, 7, 3], 13, 0.9], [[1, 2, 4, 5, 12, 13, 14, 8, 7, 3], 13, 0.9], [[1, 2, 4, 9, 10, 12, 13, 14, 8, 7, 3], 13, 0.9], [[1, 2, 4, 9, 11, 16, 12, 13, 14, 8, 7, 3], 13, 0.9], [[1, 4, 2, 5, 6, 12, 13, 14, 8, 7, 3], 13, 0.9], [[1, 4, 2, 5, 10, 12, 13, 14, 8, 7, 3], 13, 0.9], [[1, 4, 2, 5, 12, 13, 14, 8, 7, 3], 13, 0.9]], 100: [[[1, 2, 4, 5, 6, 12, 13, 14, 8, 7, 3, 100], 14, 0.9], [[1, 2, 4, 5, 10, 12, 13, 14, 8, 7, 3, 100], 14, 0.9], [[1, 2, 4, 5, 12, 13, 14, 8, 7, 3, 100], 14, 0.9], [[1, 2, 4, 9, 10, 12, 13, 14, 8, 7, 3, 100], 14, 0.9], [[1, 4, 2, 5, 6, 12, 13, 14, 8, 7, 3, 100], 14, 0.9], [[1, 4, 2, 5, 10, 12, 13, 14, 8, 7, 3, 100], 14, 0.9], [[1, 4, 2, 5, 12, 13, 14, 8, 7, 3, 100], 14, 0.9]], 5: [[[1, 4, 2, 3, 7, 8, 14, 13, 12, 5], 13, 0.9], [[1, 4, 2, 3, 7, 8, 14, 13, 12, 6, 5], 13, 0.9], [[1, 4, 2, 3, 7, 8, 14, 13, 12, 10, 5], 13, 0.9]], 6: [[[1, 4, 2, 3, 7, 8, 14, 13, 12, 6], 12, 0.9]], 7: [[[1, 2, 4, 5, 12, 13, 14, 8, 7], 12, 1.0], [[1, 4, 2, 5, 12, 13, 14, 8, 7], 12, 1.0]], 8: [[[1, 4, 2, 3, 7, 6, 12, 13, 14, 8], 12, 0.9]], 9: [[[1, 4, 2, 3, 7, 8, 14, 13, 12, 10, 9], 13, 0.9], [[1, 4, 2, 3, 7, 8, 14, 13, 12, 16, 11, 9], 13, 0.9]], 10: [[[1, 4, 2, 3, 7, 8, 14, 13, 12, 10], 12, 0.9]], 11: [[[1, 4, 2, 3, 7, 8, 14, 13, 12, 16, 11], 12, 0.9]], 12: [[[1, 4, 2, 3, 7, 8, 14, 13, 12], 10, 1.0]], 13: [[[1, 2, 4, 5, 10, 12, 6, 7, 8, 14, 13], 13, 0.9], [[1, 2, 4, 5, 12, 6, 7, 8, 14, 13], 13, 0.9], [[1, 2, 4, 9, 10, 12, 6, 7, 8, 14, 13], 13, 0.9], [[1, 2, 4, 9, 11, 16, 12, 6, 7, 8, 14, 13], 13, 0.9], [[1, 4, 2, 3, 7, 6, 12, 16, 200, 15, 14, 13], 13, 0.9], [[1, 4, 2, 5, 10, 12, 6, 7, 8, 14, 13], 13, 0.9], [[1, 4, 2, 5, 12, 6, 7, 8, 14, 13], 13, 0.9]], 14: [[[1, 4, 2, 3, 7, 6, 12, 13, 14], 11, 1.0]], 15: [[[1, 4, 2, 3, 7, 6, 12, 13, 14, 15], 12, 0.9]], 16: [[[1, 4, 2, 3, 7, 8, 14, 13, 12, 16], 11, 0.9]], 200: [[[1, 4, 2, 3, 7, 8, 14, 13, 12, 16, 200], 12, 0.9]], 4: [[[1, 100, 3, 7, 8, 14, 13, 12, 5, 2, 4], 16, 0.9], [[1, 100, 3, 7, 8, 14, 13, 12, 6, 5, 2, 4], 16, 0.9], [[1, 100, 3, 7, 8, 14, 13, 12, 10, 5, 2, 4], 16, 0.9], [[1, 9, 10, 12, 13, 14, 8, 7, 3, 2, 4], 16, 0.9], [[1, 9, 11, 16, 12, 13, 14, 8, 7, 3, 2, 4], 16, 0.9]]},

2: {1: [[[2, 4, 5, 6, 12, 13, 14, 8, 7, 3, 100, 1], 16, 0.9], [[2, 4, 5, 10, 12, 13, 14, 8, 7, 3, 100, 1], 16, 0.9], [[2, 4, 5, 12, 13, 14, 8, 7, 3, 100, 1], 16, 0.9], [[2, 4, 9, 10, 12, 13, 14, 8, 7, 3, 100, 1], 16, 0.9]], 2: [[[2], 0, 1]], 3: [[[2, 4, 5, 12, 13, 14, 8, 7, 3], 12, 1.0]], 100: [[[2, 4, 5, 6, 12, 13, 14, 8, 7, 3, 100], 13, 0.9], [[2, 4, 5, 10, 12, 13, 14, 8, 7, 3, 100], 13, 0.9], [[2, 4, 5, 12, 13, 14, 8, 7, 3, 100], 13, 0.9], [[2, 4, 9, 10, 12, 13, 14, 8, 7, 3, 100], 13, 0.9], [[2, 4, 9, 11, 16, 12, 13, 14, 8, 7, 3, 100], 13, 0.9]], 5: [[[2, 4, 9, 10, 12, 13, 14, 8, 7, 6, 5], 13, 0.9], [[2, 4, 9, 11, 16, 12, 13, 14, 8, 7, 6, 5], 13, 0.9]], 6: [[[2, 4, 5, 12, 13, 14, 8, 7, 6], 12, 1.0]], 7: [[[2, 4, 5, 6, 12, 13, 14, 8, 7], 11, 1.0], [[2, 4, 5, 10, 12, 13, 14, 8, 7], 11, 1.0], [[2, 4, 5, 12, 13, 14, 8, 7], 11, 1.0], [[2, 4, 9, 10, 12, 13, 14, 8, 7], 11, 1.0]], 8: [[[2, 4, 5, 12, 13, 14, 6, 7, 8], 14, 1.0]], 9: [[[2, 4, 5, 6, 7, 8, 14, 13, 12, 10, 9], 13, 0.9], [[2, 4, 5, 6, 7, 8, 14, 13, 12, 16, 11, 9], 13, 0.9]], 10: [[[2, 4, 5, 6, 7, 8, 14, 13, 12, 10], 12, 0.9]], 11: [[[2, 4, 5, 6, 7, 8, 14, 13, 12, 16, 11], 12, 0.9]], 12: [[[2, 4, 5, 6, 7, 8, 14, 13, 12], 10, 1.0]], 13: [[[2, 4, 5, 12, 6, 7, 8, 14, 13], 12, 1.0]], 14: [[[2, 4, 5, 3, 7, 6, 12, 13, 14], 12, 1.0]], 15: [[[2, 4, 5, 3, 7, 6, 12, 13, 14, 15], 13, 0.9], [[2, 4, 5, 6, 7, 8, 14, 13, 12, 16, 200, 15], 13, 0.9]], 16: [[[2, 4, 5, 6, 7, 8, 14, 13, 12, 16], 11, 0.9]], 200: [[[2, 4, 5, 6, 7, 8, 14, 13, 12, 16, 200], 12, 0.9]], 4: [[[2, 3, 7, 8, 14, 13, 12, 5, 4], 11, 0.8500000000000001]]},

3: {1: [[[3, 7, 8, 14, 13, 12, 5, 2, 4, 1], 13, 0.9], [[3, 7, 8, 14, 13, 12, 5, 4, 2, 1], 13, 0.9], [[3, 7, 8, 14, 13, 12, 6, 5, 2, 4, 1], 13, 0.9], [[3, 7, 8, 14, 13, 12, 6, 5, 4, 2, 1], 13, 0.9], [[3, 7, 8, 14, 13, 12, 10, 9, 4, 2, 1], 13, 0.9], [[3, 7, 8, 14, 13, 12, 10, 5, 2, 4, 1], 13, 0.9], [[3, 7, 8, 14, 13, 12, 10, 5, 4, 2, 1], 13, 0.9], [[3, 7, 8, 14, 13, 12, 16, 11, 9, 4, 2, 1], 13, 0.9]], 2: [[[3, 7, 8, 14, 13, 12, 5, 4, 2], 12, 1.0]], 3: [[[3], 0, 1]], 100: [[[3, 7, 8, 14, 13, 12, 5, 4, 2, 100], 13, 0.9], [[3, 7, 8, 14, 13, 12, 6, 5, 4, 2, 100], 13, 0.9], [[3, 7, 8, 14, 13, 12, 10, 9, 4, 2, 100], 13, 0.9], [[3, 7, 8, 14, 13, 12, 10, 5, 4, 2, 100], 13, 0.9], [[3, 7, 8, 14, 13, 12, 16, 11, 9, 4, 2, 100], 13, 0.9]], 5: [[[3, 7, 8, 14, 13, 12, 10, 9, 4, 2, 5], 13, 0.9], [[3, 7, 8, 14, 13, 12, 16, 11, 9, 4, 2, 5], 13, 0.9]], 6: [[[3, 2, 4, 5, 10, 12, 13, 14, 8, 7, 6], 13, 0.9], [[3, 2, 4, 5, 12, 13, 14, 8, 7, 6], 13, 0.9], [[3, 2, 4, 9, 10, 12, 13, 14, 8, 7, 6], 13, 0.9], [[3, 2, 4, 9, 11, 16, 12, 13, 14, 8, 7, 6], 13, 0.9]], 7: [[[3, 2, 4, 5, 12, 13, 14, 8, 7], 12, 1.0]], 8: [[[3, 7, 6, 5, 2, 4, 9, 10, 12, 13, 14, 8], 14, 0.9]], 9: [[[3, 7, 8, 14, 13, 12, 5, 2, 4, 9], 13, 0.9], [[3, 7, 8, 14, 13, 12, 6, 5, 2, 4, 9], 13, 0.9], [[3, 7, 8, 14, 13, 12, 10, 5, 2, 4, 9], 13, 0.9]], 10: [[[3, 2, 4, 5, 6, 7, 8, 14, 13, 12, 10], 13, 0.9]], 11: [[[3, 2, 4, 5, 6, 7, 8, 14, 13, 12, 16, 11], 13, 0.9]], 12: [[[3, 2, 4, 5, 6, 7, 8, 14, 13, 12], 11, 0.9]], 13: [[[3, 2, 4, 5, 10, 12, 6, 7, 8, 14, 13], 13, 0.9], [[3, 2, 4, 5, 12, 6, 7, 8, 14, 13], 13, 0.9], [[3, 2, 4, 9, 10, 12, 6, 7, 8, 14, 13], 13, 0.9], [[3, 2, 4, 9, 11, 16, 12, 6, 7, 8, 14, 13], 13, 0.9]], 14: [[[3, 7, 6, 5, 2, 4, 9, 10, 12, 13, 14], 13, 0.9], [[3, 7, 6, 5, 2, 4, 9, 11, 16, 12, 13, 14], 13, 0.9]], 15: [[[3, 7, 6, 5, 2, 4, 9, 10, 12, 13, 14, 15], 14, 0.9]], 16: [[[3, 2, 4, 5, 6, 7, 8, 14, 13, 12, 16], 12, 0.9]], 200: [[[3, 2, 4, 5, 6, 7, 8, 14, 13, 12, 16, 200], 13, 0.9]], 4: [[[3, 7, 8, 14, 13, 12, 5, 2, 4], 12, 1.0]]},

100: {1: [[[100, 3, 7, 8, 14, 13, 12, 5, 2, 4, 1], 14, 0.9], [[100, 3, 7, 8, 14, 13, 12, 5, 4, 2, 1], 14, 0.9], [[100, 3, 7, 8, 14, 13, 12, 6, 5, 2, 4, 1], 14, 0.9], [[100, 3, 7, 8, 14, 13, 12, 6, 5, 4, 2, 1], 14, 0.9], [[100, 3, 7, 8, 14, 13, 12, 10, 9, 4, 2, 1], 14, 0.9], [[100, 3, 7, 8, 14, 13, 12, 10, 5, 2, 4, 1], 14, 0.9], [[100, 3, 7, 8, 14, 13, 12, 10, 5, 4, 2, 1], 14, 0.9]], 2: [[[100, 3, 7, 8, 14, 13, 12, 5, 4, 2], 13, 0.9], [[100, 3, 7, 8, 14, 13, 12, 6, 5, 4, 2], 13, 0.9], [[100, 3, 7, 8, 14, 13, 12, 10, 9, 4, 2], 13, 0.9], [[100, 3, 7, 8, 14, 13, 12, 10, 5, 4, 2], 13, 0.9], [[100, 3, 7, 8, 14, 13, 12, 16, 11, 9, 4, 2], 13, 0.9]], 3: [[[100, 2, 4, 5, 6, 12, 13, 14, 8, 7, 3], 13, 0.9], [[100, 2, 4, 5, 10, 12, 13, 14, 8, 7, 3], 13, 0.9], [[100, 2, 4, 5, 12, 13, 14, 8, 7, 3], 13, 0.9], [[100, 2, 4, 9, 10, 12, 13, 14, 8, 7, 3], 13, 0.9], [[100, 2, 4, 9, 11, 16, 12, 13, 14, 8, 7, 3], 13, 0.9]], 100: [[[100], 0, 1]], 5: [[[100, 2, 4, 9, 10, 12, 13, 14, 8, 7, 6, 5], 14, 0.9], [[100, 3, 7, 8, 14, 13, 12, 10, 9, 4, 2, 5], 14, 0.9]], 6: [[[100, 2, 4, 5, 10, 12, 13, 14, 8, 7, 6], 13, 0.9], [[100, 2, 4, 5, 12, 13, 14, 8, 7, 6], 13, 0.9], [[100, 2, 4, 9, 10, 12, 13, 14, 8, 7, 6], 13, 0.9], [[100, 2, 4, 9, 11, 16, 12, 13, 14, 8, 7, 6], 13, 0.9]], 7: [[[100, 2, 4, 5, 12, 13, 14, 8, 7], 12, 1.0]], 8: [[[100, 2, 4, 5, 3, 7, 6, 12, 13, 14, 8], 14, 0.9]], 9: [[[100, 2, 4, 5, 6, 7, 8, 14, 13, 12, 10, 9], 14, 0.9], [[100, 3, 7, 8, 14, 13, 12, 5, 2, 4, 9], 14, 0.9], [[100, 3, 7, 8, 14, 13, 12, 6, 5, 2, 4, 9], 14, 0.9], [[100, 3, 7, 8, 14, 13, 12, 10, 5, 2, 4, 9], 14, 0.9]], 10: [[[100, 2, 4, 5, 6, 7, 8, 14, 13, 12, 10], 13, 0.9]], 11: [[[100, 2, 4, 5, 6, 7, 8, 14, 13, 12, 16, 11], 13, 0.9]], 12: [[[100, 2, 4, 5, 6, 7, 8, 14, 13, 12], 11, 0.9]], 13: [[[100, 2, 4, 5, 10, 12, 6, 7, 8, 14, 13], 13, 0.9], [[100, 2, 4, 5, 12, 6, 7, 8, 14, 13], 13, 0.9], [[100, 2, 4, 9, 10, 12, 6, 7, 8, 14, 13], 13, 0.9], [[100, 2, 4, 9, 11, 16, 12, 6, 7, 8, 14, 13], 13, 0.9]], 14: [[[100, 2, 4, 5, 3, 7, 6, 12, 13, 14], 13, 0.9]], 15: [[[100, 2, 4, 5, 3, 7, 6, 12, 13, 14, 15], 14, 0.9]], 16: [[[100, 2, 4, 5, 6, 7, 8, 14, 13, 12, 16], 12, 0.9]], 200: [[[100, 2, 4, 5, 6, 7, 8, 14, 13, 12, 16, 200], 13, 0.9]], 4: [[[100, 3, 7, 8, 14, 13, 12, 5, 2, 4], 13, 0.9], [[100, 3, 7, 8, 14, 13, 12, 6, 5, 2, 4], 13, 0.9], [[100, 3, 7, 8, 14, 13, 12, 10, 5, 2, 4], 13, 0.9]]},

5: {1: [[[5, 6, 12, 13, 14, 8, 7, 3, 2, 4, 1], 13, 0.9], [[5, 10, 12, 13, 14, 8, 7, 3, 2, 4, 1], 13, 0.9], [[5, 12, 13, 14, 8, 7, 3, 2, 4, 1], 13, 0.9]], 2: [[[5, 6, 7, 8, 14, 13, 12, 10, 9, 4, 2], 13, 0.9], [[5, 6, 7, 8, 14, 13, 12, 16, 11, 9, 4, 2], 13, 0.9]], 3: [[[5, 2, 4, 9, 10, 12, 13, 14, 8, 7, 3], 13, 0.9], [[5, 2, 4, 9, 11, 16, 12, 13, 14, 8, 7, 3], 13, 0.9]], 100: [[[5, 2, 4, 9, 10, 12, 13, 14, 8, 7, 3, 100], 14, 0.9], [[5, 6, 7, 8, 14, 13, 12, 10, 9, 4, 2, 100], 14, 0.9]], 5: [[[5], 0, 1]], 6: [[[5, 4, 2, 3, 7, 8, 14, 13, 12, 6], 12, 0.9]], 7: [[[5, 2, 4, 9, 10, 12, 13, 14, 8, 7], 12, 0.9], [[5, 2, 4, 9, 11, 16, 12, 13, 14, 8, 7], 12, 0.9]], 8: [[[5, 4, 2, 3, 7, 6, 12, 13, 14, 8], 12, 0.9]], 9: [[[5, 4, 2, 3, 7, 8, 14, 13, 12, 10, 9], 13, 0.9], [[5, 4, 2, 3, 7, 8, 14, 13, 12, 16, 11, 9], 13, 0.9], [[5, 6, 12, 13, 14, 8, 7, 3, 2, 4, 9], 13, 0.9], [[5, 10, 12, 13, 14, 8, 7, 3, 2, 4, 9], 13, 0.9], [[5, 12, 13, 14, 8, 7, 3, 2, 4, 9], 13, 0.9]], 10: [[[5, 4, 2, 3, 7, 8, 14, 13, 12, 10], 12, 0.9]], 11: [[[5, 4, 2, 3, 7, 8, 14, 13, 12, 16, 11], 12, 0.9]], 12: [[[5, 4, 2, 3, 7, 8, 14, 13, 12], 10, 1.0]], 13: [[[5, 2, 4, 9, 10, 12, 6, 7, 8, 14, 13], 13, 0.9], [[5, 2, 4, 9, 11, 16, 12, 6, 7, 8, 14, 13], 13, 0.9], [[5, 4, 2, 3, 7, 6, 12, 16, 200, 15, 14, 13], 13, 0.9]], 14: [[[5, 4, 2, 3, 7, 6, 12, 13, 14], 11, 1.0]], 15: [[[5, 4, 2, 3, 7, 6, 12, 13, 14, 15], 12, 0.9]], 16: [[[5, 4, 2, 3, 7, 8, 14, 13, 12, 16], 11, 0.9]], 200: [[[5, 4, 2, 3, 7, 8, 14, 13, 12, 16, 200], 12, 0.9]], 4: [[[5, 12, 13, 14, 8, 7, 3, 2, 4], 12, 1.0]]},

6: {1: [[[6, 12, 13, 14, 8, 7, 3, 2, 4, 1], 12, 0.9]], 2: [[[6, 7, 8, 14, 13, 12, 5, 4, 2], 12, 1.0]], 3: [[[6, 7, 8, 14, 13, 12, 5, 4, 2, 3], 13, 0.9], [[6, 7, 8, 14, 13, 12, 10, 9, 4, 2, 3], 13, 0.9], [[6, 7, 8, 14, 13, 12, 10, 5, 4, 2, 3], 13, 0.9], [[6, 7, 8, 14, 13, 12, 16, 11, 9, 4, 2, 3], 13, 0.9]], 100: [[[6, 7, 8, 14, 13, 12, 5, 4, 2, 100], 13, 0.9], [[6, 7, 8, 14, 13, 12, 10, 9, 4, 2, 100], 13, 0.9], [[6, 7, 8, 14, 13, 12, 10, 5, 4, 2, 100], 13, 0.9], [[6, 7, 8, 14, 13, 12, 16, 11, 9, 4, 2, 100], 13, 0.9]], 5: [[[6, 12, 13, 14, 8, 7, 3, 2, 4, 5], 12, 0.9]], 6: [[[6], 0, 1]], 7: [[[6, 14, 13, 12, 5, 4, 2, 3, 7], 14, 1.0]], 8: [[[6, 7, 3, 2, 4, 5, 10, 12, 13, 14, 8], 13, 0.9], [[6, 7, 3, 2, 4, 5, 12, 13, 14, 8], 13, 0.9], [[6, 7, 3, 2, 4, 9, 10, 12, 13, 14, 8], 13, 0.9], [[6, 7, 3, 2, 4, 9, 11, 16, 12, 13, 14, 8], 13, 0.9]], 9: [[[6, 12, 13, 14, 8, 7, 3, 2, 4, 9], 12, 0.9]], 10: [[[6, 5, 4, 2, 3, 7, 8, 14, 13, 12, 10], 13, 0.9], [[6, 12, 13, 14, 8, 7, 3, 2, 4, 5, 10], 13, 0.9], [[6, 12, 13, 14, 8, 7, 3, 2, 4, 9, 10], 13, 0.9]], 11: [[[6, 5, 4, 2, 3, 7, 8, 14, 13, 12, 16, 11], 13, 0.9], [[6, 12, 13, 14, 8, 7, 3, 2, 4, 9, 11], 13, 0.9]], 12: [[[6, 5, 4, 2, 3, 7, 8, 14, 13, 12], 11, 0.9]], 13: [[[6, 12, 5, 4, 2, 3, 7, 8, 14, 13], 13, 0.9], [[6, 12, 10, 9, 4, 2, 3, 7, 8, 14, 13], 13, 0.9], [[6, 12, 10, 5, 4, 2, 3, 7, 8, 14, 13], 13, 0.9], [[6, 12, 16, 11, 9, 4, 2, 3, 7, 8, 14, 13], 13, 0.9]], 14: [[[6, 7, 3, 2, 4, 5, 12, 13, 14], 12, 1.0]], 15: [[[6, 7, 3, 2, 4, 5, 10, 12, 13, 14, 15], 13, 0.9], [[6, 7, 3, 2, 4, 5, 12, 13, 14, 15], 13, 0.9], [[6, 7, 3, 2, 4, 9, 10, 12, 13, 14, 15], 13, 0.9], [[6, 7, 3, 2, 4, 9, 11, 16, 12, 13, 14, 15], 13, 0.9]], 16: [[[6, 5, 4, 2, 3, 7, 8, 14, 13, 12, 16], 12, 0.9]], 200: [[[6, 5, 4, 2, 3, 7, 8, 14, 13, 12, 16, 200], 13, 0.9]], 4: [[[6, 12, 13, 14, 8, 7, 3, 2, 4], 11, 1.0]]},

7: {1: [[[7, 8, 14, 13, 12, 5, 2, 4, 1], 12, 1.0], [[7, 8, 14, 13, 12, 5, 4, 2, 1], 12, 1.0]], 2: [[[7, 8, 14, 13, 12, 5, 4, 2], 11, 1.0], [[7, 8, 14, 13, 12, 6, 5, 4, 2], 11, 1.0], [[7, 8, 14, 13, 12, 10, 9, 4, 2], 11, 1.0], [[7, 8, 14, 13, 12, 10, 5, 4, 2], 11, 1.0]], 3: [[[7, 8, 14, 13, 12, 5, 4, 2, 3], 12, 1.0]], 100: [[[7, 8, 14, 13, 12, 5, 4, 2, 100], 12, 1.0]], 5: [[[7, 8, 14, 13, 12, 10, 9, 4, 2, 5], 12, 0.9], [[7, 8, 14, 13, 12, 16, 11, 9, 4, 2, 5], 12, 0.9]], 6: [[[7, 3, 2, 4, 5, 12, 13, 14, 6], 14, 1.0]], 7: [[[7], 0, 1]], 8: [[[7, 3, 2, 4, 5, 12, 13, 14, 8], 12, 1.0]], 9: [[[7, 8, 14, 13, 12, 5, 2, 4, 9], 12, 1.0]], 10: [[[7, 8, 14, 13, 12, 5, 2, 4, 9, 10], 13, 0.9], [[7, 8, 14, 13, 12, 6, 5, 2, 4, 9, 10], 13, 0.9], [[7, 8, 14, 13, 12, 16, 11, 9, 4, 2, 5, 10], 13, 0.9]], 11: [[[7, 8, 14, 13, 12, 5, 2, 4, 9, 11], 13, 0.9], [[7, 8, 14, 13, 12, 6, 5, 2, 4, 9, 11], 13, 0.9], [[7, 8, 14, 13, 12, 10, 5, 2, 4, 9, 11], 13, 0.9]], 12: [[[7, 3, 2, 4, 5, 6, 14, 13, 12], 12, 1.0]], 13: [[[7, 3, 2, 4, 5, 12, 6, 14, 13], 14, 1.0]], 14: [[[7, 3, 2, 4, 5, 6, 12, 13, 14], 11, 1.0], [[7, 3, 2, 4, 5, 10, 12, 13, 14], 11, 1.0], [[7, 3, 2, 4, 5, 12, 13, 14], 11, 1.0], [[7, 3, 2, 4, 9, 10, 12, 13, 14], 11, 1.0]], 15: [[[7, 3, 2, 4, 5, 12, 13, 14, 15], 12, 1.0]], 16: [[[7, 3, 2, 4, 5, 6, 8, 14, 13, 12, 16], 13, 0.9], [[7, 3, 2, 4, 5, 6, 14, 13, 12, 16], 13, 0.9]], 200: [[[7, 3, 2, 4, 5, 6, 12, 13, 14, 15, 200], 13, 0.9], [[7, 3, 2, 4, 5, 10, 12, 13, 14, 15, 200], 13, 0.9], [[7, 3, 2, 4, 5, 12, 13, 14, 15, 200], 13, 0.9], [[7, 3, 2, 4, 9, 10, 12, 13, 14, 15, 200], 13, 0.9], [[7, 3, 2, 4, 9, 11, 16, 12, 13, 14, 15, 200], 13, 0.9]], 4: [[[7, 8, 14, 13, 12, 5, 2, 4], 11, 1.0], [[7, 8, 14, 13, 12, 6, 5, 2, 4], 11, 1.0], [[7, 8, 14, 13, 12, 10, 5, 2, 4], 11, 1.0]]},

8: {1: [[[8, 14, 13, 12, 6, 7, 3, 2, 4, 1], 12, 0.9]], 2: [[[8, 7, 6, 14, 13, 12, 5, 4, 2], 14, 1.0]], 3: [[[8, 14, 13, 12, 10, 9, 4, 2, 5, 6, 7, 3], 14, 0.9]], 100: [[[8, 14, 13, 12, 6, 7, 3, 5, 4, 2, 100], 14, 0.9]], 5: [[[8, 14, 13, 12, 6, 7, 3, 2, 4, 5], 12, 0.9]], 6: [[[8, 14, 13, 12, 5, 4, 2, 3, 7, 6], 13, 0.9], [[8, 14, 13, 12, 10, 9, 4, 2, 3, 7, 6], 13, 0.9], [[8, 14, 13, 12, 10, 5, 4, 2, 3, 7, 6], 13, 0.9], [[8, 14, 13, 12, 16, 11, 9, 4, 2, 3, 7, 6], 13, 0.9]], 7: [[[8, 14, 13, 12, 5, 4, 2, 3, 7], 12, 1.0]], 8: [[[8], 0, 1]], 9: [[[8, 14, 13, 12, 6, 7, 3, 2, 4, 9], 12, 0.9]], 10: [[[8, 14, 13, 12, 6, 7, 3, 2, 4, 5, 10], 13, 0.9], [[8, 14, 13, 12, 6, 7, 3, 2, 4, 9, 10], 13, 0.9]], 11: [[[8, 14, 13, 12, 6, 7, 3, 2, 4, 9, 11], 13, 0.9]], 12: [[[8, 7, 3, 2, 4, 5, 6, 14, 13, 12], 13, 0.9]], 13: [[[8, 7, 3, 2, 4, 5, 12, 16, 200, 15, 14, 13], 14, 0.9]], 14: [[[8, 7, 3, 2, 4, 5, 12, 13, 14], 12, 1.0]], 15: [[[8, 7, 3, 2, 4, 5, 6, 12, 13, 14, 15], 13, 0.9], [[8, 7, 3, 2, 4, 5, 10, 12, 13, 14, 15], 13, 0.9], [[8, 7, 3, 2, 4, 5, 12, 13, 14, 15], 13, 0.9], [[8, 7, 3, 2, 4, 9, 10, 12, 13, 14, 15], 13, 0.9], [[8, 7, 3, 2, 4, 9, 11, 16, 12, 13, 14, 15], 13, 0.9]], 16: [[[8, 14, 13, 12, 6, 7, 3, 2, 4, 9, 11, 16], 14, 0.9], [[8, 7, 3, 2, 4, 5, 6, 14, 13, 12, 16], 14, 0.9]], 200: [[[8, 7, 3, 2, 4, 5, 6, 12, 13, 14, 15, 200], 14, 0.9], [[8, 7, 3, 2, 4, 5, 10, 12, 13, 14, 15, 200], 14, 0.9], [[8, 7, 3, 2, 4, 5, 12, 13, 14, 15, 200], 14, 0.9], [[8, 7, 3, 2, 4, 9, 10, 12, 13, 14, 15, 200], 14, 0.9]], 4: [[[8, 14, 13, 12, 6, 7, 3, 2, 4], 11, 1.0]]},

9: {1: [[[9, 10, 12, 13, 14, 8, 7, 3, 2, 4, 1], 13, 0.9], [[9, 11, 16, 12, 13, 14, 8, 7, 3, 2, 4, 1], 13, 0.9]], 2: [[[9, 10, 12, 13, 14, 8, 7, 6, 5, 4, 2], 13, 0.9], [[9, 11, 16, 12, 13, 14, 8, 7, 6, 5, 4, 2], 13, 0.9]], 3: [[[9, 4, 2, 5, 6, 12, 13, 14, 8, 7, 3], 13, 0.9], [[9, 4, 2, 5, 10, 12, 13, 14, 8, 7, 3], 13, 0.9], [[9, 4, 2, 5, 12, 13, 14, 8, 7, 3], 13, 0.9]], 100: [[[9, 4, 2, 5, 6, 12, 13, 14, 8, 7, 3, 100], 14, 0.9], [[9, 4, 2, 5, 10, 12, 13, 14, 8, 7, 3, 100], 14, 0.9], [[9, 4, 2, 5, 12, 13, 14, 8, 7, 3, 100], 14, 0.9], [[9, 10, 12, 13, 14, 8, 7, 6, 5, 4, 2, 100], 14, 0.9]], 5: [[[9, 4, 2, 3, 7, 8, 14, 13, 12, 5], 13, 0.9], [[9, 4, 2, 3, 7, 8, 14, 13, 12, 6, 5], 13, 0.9], [[9, 4, 2, 3, 7, 8, 14, 13, 12, 10, 5], 13, 0.9], [[9, 10, 12, 13, 14, 8, 7, 3, 2, 4, 5], 13, 0.9], [[9, 11, 16, 12, 13, 14, 8, 7, 3, 2, 4, 5], 13, 0.9]], 6: [[[9, 4, 2, 3, 7, 8, 14, 13, 12, 6], 12, 0.9]], 7: [[[9, 4, 2, 5, 12, 13, 14, 8, 7], 12, 1.0]], 8: [[[9, 4, 2, 3, 7, 6, 12, 13, 14, 8], 12, 0.9]], 9: [[[9], 0, 1]], 10: [[[9, 4, 2, 3, 7, 8, 14, 13, 12, 10], 12, 0.9]], 11: [[[9, 4, 2, 3, 7, 8, 14, 13, 12, 16, 11], 12, 0.9]], 12: [[[9, 4, 2, 3, 7, 8, 14, 13, 12], 10, 1.0]], 13: [[[9, 4, 2, 3, 7, 6, 12, 16, 200, 15, 14, 13], 13, 0.9], [[9, 4, 2, 5, 10, 12, 6, 7, 8, 14, 13], 13, 0.9], [[9, 4, 2, 5, 12, 6, 7, 8, 14, 13], 13, 0.9]], 14: [[[9, 4, 2, 3, 7, 6, 12, 13, 14], 11, 1.0]], 15: [[[9, 4, 2, 3, 7, 6, 12, 13, 14, 15], 12, 0.9]], 16: [[[9, 4, 2, 3, 7, 8, 14, 13, 12, 16], 11, 0.9]], 200: [[[9, 4, 2, 3, 7, 8, 14, 13, 12, 16, 200], 12, 0.9]], 4: [[[9, 10, 12, 13, 14, 8, 7, 3, 2, 4], 12, 0.9], [[9, 11, 16, 12, 13, 14, 8, 7, 3, 2, 4], 12, 0.9]]},

10: {1: [[[10, 12, 13, 14, 8, 7, 3, 2, 4, 1], 12, 0.9]], 2: [[[10, 12, 13, 14, 8, 7, 6, 5, 4, 2], 12, 0.9]], 3: [[[10, 12, 13, 14, 8, 7, 6, 5, 4, 2, 3], 13, 0.9]], 100: [[[10, 12, 13, 14, 8, 7, 6, 5, 4, 2, 100], 13, 0.9]], 5: [[[10, 12, 13, 14, 8, 7, 3, 2, 4, 5], 12, 0.9]], 6: [[[10, 9, 4, 2, 3, 7, 8, 14, 13, 12, 6], 13, 0.9], [[10, 12, 13, 14, 8, 7, 3, 2, 4, 5, 6], 13, 0.9], [[10, 5, 4, 2, 3, 7, 8, 14, 13, 12, 6], 13, 0.9]], 7: [[[10, 9, 4, 2, 5, 6, 12, 13, 14, 8, 7], 13, 0.9], [[10, 9, 4, 2, 5, 12, 13, 14, 8, 7], 13, 0.9], [[10, 5, 2, 4, 9, 11, 16, 12, 13, 14, 8, 7], 13, 0.9]], 8: [[[10, 9, 4, 2, 3, 7, 6, 12, 13, 14, 8], 13, 0.9], [[10, 5, 4, 2, 3, 7, 6, 12, 13, 14, 8], 13, 0.9]], 9: [[[10, 12, 13, 14, 8, 7, 3, 2, 4, 9], 12, 0.9]], 10: [[[10], 0, 1]], 11: [[[10, 9, 4, 2, 3, 7, 8, 14, 13, 12, 16, 11], 13, 0.9], [[10, 12, 13, 14, 8, 7, 3, 2, 4, 9, 11], 13, 0.9], [[10, 5, 4, 2, 3, 7, 8, 14, 13, 12, 16, 11], 13, 0.9]], 12: [[[10, 9, 4, 2, 3, 7, 8, 14, 13, 12], 11, 0.9], [[10, 5, 4, 2, 3, 7, 8, 14, 13, 12], 11, 0.9]], 13: [[[10, 12, 5, 4, 2, 3, 7, 8, 14, 13], 13, 0.9], [[10, 12, 6, 5, 4, 2, 3, 7, 8, 14, 13], 13, 0.9], [[10, 12, 16, 11, 9, 4, 2, 3, 7, 8, 14, 13], 13, 0.9]], 14: [[[10, 9, 4, 2, 3, 7, 6, 12, 13, 14], 12, 0.9], [[10, 5, 4, 2, 3, 7, 6, 12, 13, 14], 12, 0.9]], 15: [[[10, 9, 4, 2, 3, 7, 6, 12, 13, 14, 15], 13, 0.9], [[10, 5, 4, 2, 3, 7, 6, 12, 13, 14, 15], 13, 0.9]], 16: [[[10, 9, 4, 2, 3, 7, 8, 14, 13, 12, 16], 12, 0.9], [[10, 5, 4, 2, 3, 7, 8, 14, 13, 12, 16], 12, 0.9]], 200: [[[10, 9, 4, 2, 3, 7, 8, 14, 13, 12, 16, 200], 13, 0.9], [[10, 5, 4, 2, 3, 7, 8, 14, 13, 12, 16, 200], 13, 0.9]], 4: [[[10, 12, 13, 14, 8, 7, 3, 2, 4], 11, 1.0]]},

11: {1: [[[11, 16, 12, 13, 14, 8, 7, 3, 2, 4, 1], 12, 0.9]], 2: [[[11, 16, 12, 13, 14, 8, 7, 6, 5, 4, 2], 12, 0.9]], 3: [[[11, 16, 12, 13, 14, 8, 7, 6, 5, 4, 2, 3], 13, 0.9]], 100: [[[11, 16, 12, 13, 14, 8, 7, 6, 5, 4, 2, 100], 13, 0.9]], 5: [[[11, 16, 12, 13, 14, 8, 7, 3, 2, 4, 5], 12, 0.9]], 6: [[[11, 16, 12, 13, 14, 8, 7, 3, 2, 4, 5, 6], 13, 0.9], [[11, 9, 4, 2, 3, 7, 8, 14, 13, 12, 6], 13, 0.9]], 7: [[[11, 9, 4, 2, 5, 6, 12, 13, 14, 8, 7], 13, 0.9], [[11, 9, 4, 2, 5, 10, 12, 13, 14, 8, 7], 13, 0.9], [[11, 9, 4, 2, 5, 12, 13, 14, 8, 7], 13, 0.9]], 8: [[[11, 9, 4, 2, 3, 7, 6, 12, 13, 14, 8], 13, 0.9]], 9: [[[11, 16, 12, 13, 14, 8, 7, 3, 2, 4, 9], 12, 0.9]], 10: [[[11, 16, 12, 13, 14, 8, 7, 3, 2, 4, 5, 10], 13, 0.9], [[11, 16, 12, 13, 14, 8, 7, 3, 2, 4, 9, 10], 13, 0.9], [[11, 9, 4, 2, 3, 7, 8, 14, 13, 12, 10], 13, 0.9]], 11: [[[11], 0, 1]], 12: [[[11, 9, 4, 2, 3, 7, 8, 14, 13, 12], 11, 0.9]], 13: [[[11, 16, 12, 5, 4, 2, 3, 7, 8, 14, 13], 13, 0.9], [[11, 16, 12, 6, 5, 4, 2, 3, 7, 8, 14, 13], 13, 0.9], [[11, 16, 12, 10, 9, 4, 2, 3, 7, 8, 14, 13], 13, 0.9], [[11, 16, 12, 10, 5, 4, 2, 3, 7, 8, 14, 13], 13, 0.9]], 14: [[[11, 9, 4, 2, 3, 7, 6, 12, 13, 14], 12, 0.9]], 15: [[[11, 9, 4, 2, 3, 7, 6, 12, 13, 14, 15], 13, 0.9]], 16: [[[11, 9, 4, 2, 3, 7, 8, 14, 13, 12, 16], 12, 0.9]], 200: [[[11, 9, 4, 2, 3, 7, 8, 14, 13, 12, 16, 200], 13, 0.9]], 4: [[[11, 16, 12, 13, 14, 8, 7, 3, 2, 4], 11, 0.9]]},

12: {1: [[[12, 13, 14, 8, 7, 3, 2, 4, 1], 10, 1.0]], 2: [[[12, 13, 14, 8, 7, 6, 5, 4, 2], 10, 1.0]], 3: [[[12, 13, 14, 8, 7, 6, 5, 4, 2, 3], 11, 0.9]], 100: [[[12, 13, 14, 8, 7, 6, 5, 4, 2, 100], 11, 0.9]], 5: [[[12, 13, 14, 8, 7, 3, 2, 4, 5], 10, 1.0]], 6: [[[12, 13, 14, 8, 7, 3, 2, 4, 5, 6], 11, 0.9]], 7: [[[12, 13, 14, 6, 5, 4, 2, 3, 7], 12, 1.0]], 8: [[[12, 13, 14, 6, 5, 4, 2, 3, 7, 8], 13, 0.9]], 9: [[[12, 13, 14, 8, 7, 3, 2, 4, 9], 10, 1.0]], 10: [[[12, 13, 14, 8, 7, 3, 2, 4, 5, 10], 11, 0.9], [[12, 13, 14, 8, 7, 3, 2, 4, 9, 10], 11, 0.9]], 11: [[[12, 13, 14, 8, 7, 3, 2, 4, 9, 11], 11, 0.9]], 12: [[[12], 0, 1]], 13: [[[12, 5, 4, 2, 3, 7, 8, 14, 13], 11, 1.0]], 14: [[[12, 5, 4, 2, 3, 7, 6, 13, 14], 14, 1.0]], 15: [[[12, 5, 4, 2, 3, 7, 8, 14, 13, 200, 15], 13, 0.9], [[12, 5, 4, 2, 3, 7, 8, 14, 13, 15], 13, 0.9], [[12, 6, 5, 4, 2, 3, 7, 8, 14, 13, 200, 15], 13, 0.9], [[12, 6, 5, 4, 2, 3, 7, 8, 14, 13, 15], 13, 0.9], [[12, 10, 9, 4, 2, 3, 7, 8, 14, 13, 200, 15], 13, 0.9], [[12, 10, 9, 4, 2, 3, 7, 8, 14, 13, 15], 13, 0.9], [[12, 10, 5, 4, 2, 3, 7, 8, 14, 13, 200, 15], 13, 0.9], [[12, 10, 5, 4, 2, 3, 7, 8, 14, 13, 15], 13, 0.9], [[12, 16, 11, 9, 4, 2, 3, 7, 8, 14, 13, 15], 13, 0.9]], 16: [[[12, 13, 14, 8, 7, 3, 2, 4, 9, 11, 16], 12, 0.9]], 200: [[[12, 5, 4, 2, 3, 7, 8, 14, 13, 200], 12, 0.9], [[12, 6, 5, 4, 2, 3, 7, 8, 14, 13, 200], 12, 0.9], [[12, 10, 9, 4, 2, 3, 7, 8, 14, 13, 200], 12, 0.9], [[12, 10, 5, 4, 2, 3, 7, 8, 14, 13, 200], 12, 0.9], [[12, 16, 11, 9, 4, 2, 3, 7, 8, 14, 13, 200], 12, 0.9]], 4: [[[12, 13, 14, 8, 7, 3, 2, 4], 9, 1.0]]},

13: {1: [[[13, 14, 8, 7, 6, 12, 5, 2, 4, 1], 13, 0.9], [[13, 14, 8, 7, 6, 12, 5, 4, 2, 1], 13, 0.9], [[13, 14, 8, 7, 6, 12, 10, 9, 4, 2, 1], 13, 0.9], [[13, 14, 8, 7, 6, 12, 10, 5, 2, 4, 1], 13, 0.9], [[13, 14, 8, 7, 6, 12, 10, 5, 4, 2, 1], 13, 0.9], [[13, 14, 8, 7, 6, 12, 16, 11, 9, 4, 2, 1], 13, 0.9], [[13, 14, 15, 200, 16, 12, 6, 7, 3, 2, 4, 1], 13, 0.9]], 2: [[[13, 14, 8, 7, 6, 12, 5, 4, 2], 12, 1.0]], 3: [[[13, 14, 8, 7, 6, 12, 5, 4, 2, 3], 13, 0.9], [[13, 14, 8, 7, 6, 12, 10, 9, 4, 2, 3], 13, 0.9], [[13, 14, 8, 7, 6, 12, 10, 5, 4, 2, 3], 13, 0.9], [[13, 14, 8, 7, 6, 12, 16, 11, 9, 4, 2, 3], 13, 0.9]], 100: [[[13, 14, 8, 7, 6, 12, 5, 4, 2, 100], 13, 0.9], [[13, 14, 8, 7, 6, 12, 10, 9, 4, 2, 100], 13, 0.9], [[13, 14, 8, 7, 6, 12, 10, 5, 4, 2, 100], 13, 0.9], [[13, 14, 8, 7, 6, 12, 16, 11, 9, 4, 2, 100], 13, 0.9]], 5: [[[13, 14, 8, 7, 6, 12, 10, 9, 4, 2, 5], 13, 0.9], [[13, 14, 8, 7, 6, 12, 16, 11, 9, 4, 2, 5], 13, 0.9], [[13, 14, 15, 200, 16, 12, 6, 7, 3, 2, 4, 5], 13, 0.9]], 6: [[[13, 14, 8, 7, 3, 2, 4, 5, 10, 12, 6], 13, 0.9], [[13, 14, 8, 7, 3, 2, 4, 5, 12, 6], 13, 0.9], [[13, 14, 8, 7, 3, 2, 4, 9, 10, 12, 6], 13, 0.9], [[13, 14, 8, 7, 3, 2, 4, 9, 11, 16, 12, 6], 13, 0.9]], 7: [[[13, 14, 6, 12, 5, 4, 2, 3, 7], 14, 1.0]], 8: [[[13, 14, 15, 200, 16, 12, 5, 4, 2, 3, 7, 8], 14, 0.9]], 9: [[[13, 14, 8, 7, 6, 12, 5, 2, 4, 9], 13, 0.9], [[13, 14, 8, 7, 6, 12, 10, 5, 2, 4, 9], 13, 0.9], [[13, 14, 15, 200, 16, 12, 6, 7, 3, 2, 4, 9], 13, 0.9]], 10: [[[13, 14, 8, 7, 3, 2, 4, 5, 6, 12, 10], 13, 0.9], [[13, 14, 8, 7, 3, 2, 4, 5, 12, 10], 13, 0.9], [[13, 14, 8, 7, 3, 2, 4, 9, 11, 16, 12, 10], 13, 0.9]], 11: [[[13, 14, 8, 7, 3, 2, 4, 5, 6, 12, 16, 11], 13, 0.9], [[13, 14, 8, 7, 3, 2, 4, 5, 10, 12, 16, 11], 13, 0.9], [[13, 14, 8, 7, 3, 2, 4, 5, 12, 16, 11], 13, 0.9], [[13, 14, 8, 7, 3, 2, 4, 9, 10, 12, 16, 11], 13, 0.9]], 12: [[[13, 14, 8, 7, 3, 2, 4, 5, 12], 11, 1.0]], 13: [[[13], 0, 1]], 14: [[[13, 12, 5, 4, 2, 3, 7, 8, 14], 12, 0.8500000000000001]], 15: [[[13, 14, 8, 7, 3, 2, 4, 5, 12, 16, 200, 15], 14, 0.9]], 16: [[[13, 14, 8, 7, 3, 2, 4, 5, 6, 12, 16], 12, 0.9], [[13, 14, 8, 7, 3, 2, 4, 5, 10, 12, 16], 12, 0.9], [[13, 14, 8, 7, 3, 2, 4, 5, 12, 16], 12, 0.9], [[13, 14, 8, 7, 3, 2, 4, 9, 10, 12, 16], 12, 0.9]], 200: [[[13, 14, 8, 7, 3, 2, 4, 5, 6, 12, 16, 200], 13, 0.9], [[13, 14, 8, 7, 3, 2, 4, 5, 10, 12, 16, 200], 13, 0.9], [[13, 14, 8, 7, 3, 2, 4, 5, 12, 16, 200], 13, 0.9], [[13, 14, 8, 7, 3, 2, 4, 9, 10, 12, 16, 200], 13, 0.9]], 4: [[[13, 14, 8, 7, 6, 12, 5, 2, 4], 12, 1.0]]},

14: {1: [[[14, 13, 12, 6, 7, 3, 2, 4, 1], 11, 1.0]], 2: [[[14, 13, 12, 6, 7, 3, 5, 4, 2], 12, 1.0]], 3: [[[14, 13, 12, 10, 9, 4, 2, 5, 6, 7, 3], 13, 0.9], [[14, 13, 12, 16, 11, 9, 4, 2, 5, 6, 7, 3], 13, 0.9]], 100: [[[14, 13, 12, 6, 7, 3, 5, 4, 2, 100], 13, 0.9]], 5: [[[14, 13, 12, 6, 7, 3, 2, 4, 5], 11, 1.0]], 6: [[[14, 13, 12, 5, 4, 2, 3, 7, 6], 12, 1.0]], 7: [[[14, 13, 12, 5, 4, 2, 3, 7], 11, 1.0], [[14, 13, 12, 6, 5, 4, 2, 3, 7], 11, 1.0], [[14, 13, 12, 10, 9, 4, 2, 3, 7], 11, 1.0], [[14, 13, 12, 10, 5, 4, 2, 3, 7], 11, 1.0]], 8: [[[14, 13, 12, 5, 4, 2, 3, 7, 8], 12, 1.0]], 9: [[[14, 13, 12, 6, 7, 3, 2, 4, 9], 11, 1.0]], 10: [[[14, 13, 12, 6, 7, 3, 2, 4, 5, 10], 12, 0.9], [[14, 13, 12, 6, 7, 3, 2, 4, 9, 10], 12, 0.9]], 11: [[[14, 13, 12, 6, 7, 3, 2, 4, 9, 11], 12, 0.9]], 12: [[[14, 13, 6, 7, 3, 2, 4, 5, 12], 14, 1.0]], 13: [[[14, 8, 7, 3, 2, 4, 5, 12, 13], 12, 0.8500000000000001]], 14: [[[14], 0, 1]], 15: [[[14, 13, 12, 5, 4, 2, 3, 7, 8, 15], 15, 0.9], [[14, 13, 12, 6, 5, 4, 2, 3, 7, 8, 15], 15, 0.9], [[14, 13, 12, 10, 9, 4, 2, 3, 7, 8, 15], 15, 0.9], [[14, 13, 12, 10, 5, 4, 2, 3, 7, 8, 15], 15, 0.9], [[14, 13, 12, 16, 11, 9, 4, 2, 3, 7, 8, 15], 15, 0.9]], 16: [[[14, 13, 12, 6, 7, 3, 2, 4, 9, 11, 16], 13, 0.9]], 200: [[[14, 13, 12, 6, 7, 3, 2, 4, 9, 11, 16, 200], 14, 0.9]], 4: [[[14, 13, 12, 6, 7, 3, 2, 4], 10, 1.0]]},

15: {1: [[[15, 14, 13, 12, 6, 7, 3, 2, 4, 1], 12, 0.9]], 2: [[[15, 200, 16, 12, 13, 14, 8, 7, 6, 5, 4, 2], 13, 0.9], [[15, 14, 13, 12, 6, 7, 3, 5, 4, 2], 13, 0.9]], 3: [[[15, 14, 13, 12, 10, 9, 4, 2, 5, 6, 7, 3], 14, 0.9]], 100: [[[15, 14, 13, 12, 6, 7, 3, 5, 4, 2, 100], 14, 0.9]], 5: [[[15, 14, 13, 12, 6, 7, 3, 2, 4, 5], 12, 0.9]], 6: [[[15, 14, 13, 12, 5, 4, 2, 3, 7, 6], 13, 0.9], [[15, 14, 13, 12, 10, 9, 4, 2, 3, 7, 6], 13, 0.9], [[15, 14, 13, 12, 10, 5, 4, 2, 3, 7, 6], 13, 0.9], [[15, 14, 13, 12, 16, 11, 9, 4, 2, 3, 7, 6], 13, 0.9]], 7: [[[15, 14, 13, 12, 5, 4, 2, 3, 7], 12, 1.0]], 8: [[[15, 14, 13, 12, 5, 4, 2, 3, 7, 8], 13, 0.9], [[15, 14, 13, 12, 6, 5, 4, 2, 3, 7, 8], 13, 0.9], [[15, 14, 13, 12, 10, 9, 4, 2, 3, 7, 8], 13, 0.9], [[15, 14, 13, 12, 10, 5, 4, 2, 3, 7, 8], 13, 0.9], [[15, 14, 13, 12, 16, 11, 9, 4, 2, 3, 7, 8], 13, 0.9]], 9: [[[15, 14, 13, 12, 6, 7, 3, 2, 4, 9], 12, 0.9]], 10: [[[15, 14, 13, 12, 6, 7, 3, 2, 4, 5, 10], 13, 0.9], [[15, 14, 13, 12, 6, 7, 3, 2, 4, 9, 10], 13, 0.9]], 11: [[[15, 14, 13, 12, 6, 7, 3, 2, 4, 9, 11], 13, 0.9]], 12: [[[15, 200, 13, 14, 8, 7, 3, 2, 4, 5, 6, 12], 13, 0.9], [[15, 200, 13, 14, 8, 7, 3, 2, 4, 5, 10, 12], 13, 0.9], [[15, 200, 13, 14, 8, 7, 3, 2, 4, 5, 12], 13, 0.9], [[15, 200, 13, 14, 8, 7, 3, 2, 4, 9, 10, 12], 13, 0.9], [[15, 13, 14, 8, 7, 3, 2, 4, 5, 6, 12], 13, 0.9], [[15, 13, 14, 8, 7, 3, 2, 4, 5, 10, 12], 13, 0.9], [[15, 13, 14, 8, 7, 3, 2, 4, 5, 12], 13, 0.9], [[15, 13, 14, 8, 7, 3, 2, 4, 9, 10, 12], 13, 0.9], [[15, 13, 14, 8, 7, 3, 2, 4, 9, 11, 16, 12], 13, 0.9]], 13: [[[15, 200, 16, 12, 5, 4, 2, 3, 7, 8, 14, 13], 14, 0.9]], 14: [[[15, 8, 7, 3, 2, 4, 5, 6, 12, 13, 14], 15, 0.9], [[15, 8, 7, 3, 2, 4, 5, 10, 12, 13, 14], 15, 0.9], [[15, 8, 7, 3, 2, 4, 5, 12, 13, 14], 15, 0.9], [[15, 8, 7, 3, 2, 4, 9, 10, 12, 13, 14], 15, 0.9], [[15, 8, 7, 3, 2, 4, 9, 11, 16, 12, 13, 14], 15, 0.9]], 15: [[[15], 0, 1]], 16: [[[15, 200, 13, 14, 8, 7, 3, 2, 4, 5, 12, 16], 14, 0.9], [[15, 13, 14, 8, 7, 3, 2, 4, 5, 6, 12, 16], 14, 0.9], [[15, 13, 14, 8, 7, 3, 2, 4, 5, 10, 12, 16], 14, 0.9], [[15, 13, 14, 8, 7, 3, 2, 4, 5, 12, 16], 14, 0.9], [[15, 13, 14, 8, 7, 3, 2, 4, 9, 10, 12, 16], 14, 0.9], [[15, 14, 13, 12, 6, 7, 3, 2, 4, 9, 11, 16], 14, 0.9]], 200: [[[15, 13, 14, 8, 7, 3, 2, 4, 5, 12, 16, 200], 15, 0.9]], 4: [[[15, 14, 13, 12, 6, 7, 3, 2, 4], 11, 1.0]]},

16: {1: [[[16, 12, 13, 14, 8, 7, 3, 2, 4, 1], 11, 0.9]], 2: [[[16, 12, 13, 14, 8, 7, 6, 5, 4, 2], 11, 0.9]], 3: [[[16, 12, 13, 14, 8, 7, 6, 5, 4, 2, 3], 12, 0.9]], 100: [[[16, 12, 13, 14, 8, 7, 6, 5, 4, 2, 100], 12, 0.9]], 5: [[[16, 12, 13, 14, 8, 7, 3, 2, 4, 5], 11, 0.9]], 6: [[[16, 12, 13, 14, 8, 7, 3, 2, 4, 5, 6], 12, 0.9]], 7: [[[16, 12, 13, 14, 8, 6, 5, 4, 2, 3, 7], 13, 0.9], [[16, 12, 13, 14, 6, 5, 4, 2, 3, 7], 13, 0.9]], 8: [[[16, 11, 9, 4, 2, 3, 7, 6, 12, 13, 14, 8], 14, 0.9], [[16, 12, 13, 14, 6, 5, 4, 2, 3, 7, 8], 14, 0.9]], 9: [[[16, 12, 13, 14, 8, 7, 3, 2, 4, 9], 11, 0.9]], 10: [[[16, 12, 13, 14, 8, 7, 3, 2, 4, 5, 10], 12, 0.9], [[16, 12, 13, 14, 8, 7, 3, 2, 4, 9, 10], 12, 0.9]], 11: [[[16, 12, 13, 14, 8, 7, 3, 2, 4, 9, 11], 12, 0.9]], 12: [[[16, 11, 9, 4, 2, 3, 7, 8, 14, 13, 12], 12, 0.9]], 13: [[[16, 12, 5, 4, 2, 3, 7, 8, 14, 13], 12, 0.9], [[16, 12, 6, 5, 4, 2, 3, 7, 8, 14, 13], 12, 0.9], [[16, 12, 10, 9, 4, 2, 3, 7, 8, 14, 13], 12, 0.9], [[16, 12, 10, 5, 4, 2, 3, 7, 8, 14, 13], 12, 0.9]], 14: [[[16, 11, 9, 4, 2, 3, 7, 6, 12, 13, 14], 13, 0.9]], 15: [[[16, 11, 9, 4, 2, 3, 7, 6, 12, 13, 14, 15], 14, 0.9], [[16, 12, 5, 4, 2, 3, 7, 8, 14, 13, 200, 15], 14, 0.9], [[16, 12, 5, 4, 2, 3, 7, 8, 14, 13, 15], 14, 0.9], [[16, 12, 6, 5, 4, 2, 3, 7, 8, 14, 13, 15], 14, 0.9], [[16, 12, 10, 9, 4, 2, 3, 7, 8, 14, 13, 15], 14, 0.9], [[16, 12, 10, 5, 4, 2, 3, 7, 8, 14, 13, 15], 14, 0.9]], 16: [[[16], 0, 1]], 200: [[[16, 12, 5, 4, 2, 3, 7, 8, 14, 13, 200], 13, 0.9], [[16, 12, 6, 5, 4, 2, 3, 7, 8, 14, 13, 200], 13, 0.9], [[16, 12, 10, 9, 4, 2, 3, 7, 8, 14, 13, 200], 13, 0.9], [[16, 12, 10, 5, 4, 2, 3, 7, 8, 14, 13, 200], 13, 0.9]], 4: [[[16, 12, 13, 14, 8, 7, 3, 2, 4], 10, 1.0]]},

200: {1: [[[200, 16, 12, 13, 14, 8, 7, 3, 2, 4, 1], 12, 0.9]], 2: [[[200, 16, 12, 13, 14, 8, 7, 6, 5, 4, 2], 12, 0.9]], 3: [[[200, 16, 12, 13, 14, 8, 7, 6, 5, 4, 2, 3], 13, 0.9]], 100: [[[200, 16, 12, 13, 14, 8, 7, 6, 5, 4, 2, 100], 13, 0.9]], 5: [[[200, 16, 12, 13, 14, 8, 7, 3, 2, 4, 5], 12, 0.9]], 6: [[[200, 16, 12, 13, 14, 8, 7, 3, 2, 4, 5, 6], 13, 0.9]], 7: [[[200, 15, 14, 13, 12, 5, 4, 2, 3, 7], 13, 0.9], [[200, 15, 14, 13, 12, 6, 5, 4, 2, 3, 7], 13, 0.9], [[200, 15, 14, 13, 12, 10, 9, 4, 2, 3, 7], 13, 0.9], [[200, 15, 14, 13, 12, 10, 5, 4, 2, 3, 7], 13, 0.9], [[200, 15, 14, 13, 12, 16, 11, 9, 4, 2, 3, 7], 13, 0.9]], 200: [[[200], 0, 1]], 9: [[[200, 16, 12, 13, 14, 8, 7, 3, 2, 4, 9], 12, 0.9]], 10: [[[200, 16, 12, 13, 14, 8, 7, 3, 2, 4, 5, 10], 13, 0.9], [[200, 16, 12, 13, 14, 8, 7, 3, 2, 4, 9, 10], 13, 0.9]], 11: [[[200, 16, 12, 13, 14, 8, 7, 3, 2, 4, 9, 11], 13, 0.9]], 12: [[[200, 13, 14, 8, 7, 3, 2, 4, 5, 6, 12], 12, 0.9], [[200, 13, 14, 8, 7, 3, 2, 4, 5, 10, 12], 12, 0.9], [[200, 13, 14, 8, 7, 3, 2, 4, 5, 12], 12, 0.9], [[200, 13, 14, 8, 7, 3, 2, 4, 9, 10, 12], 12, 0.9], [[200, 13, 14, 8, 7, 3, 2, 4, 9, 11, 16, 12], 12, 0.9]], 13: [[[200, 16, 12, 5, 4, 2, 3, 7, 8, 14, 13], 13, 0.9], [[200, 16, 12, 6, 5, 4, 2, 3, 7, 8, 14, 13], 13, 0.9], [[200, 16, 12, 10, 9, 4, 2, 3, 7, 8, 14, 13], 13, 0.9], [[200, 16, 12, 10, 5, 4, 2, 3, 7, 8, 14, 13], 13, 0.9]], 14: [[[200, 16, 11, 9, 4, 2, 3, 7, 6, 12, 13, 14], 14, 0.9]], 15: [[[200, 16, 12, 5, 4, 2, 3, 7, 8, 14, 13, 15], 15, 0.9]], 16: [[[200, 13, 14, 8, 7, 3, 2, 4, 5, 6, 12, 16], 13, 0.9], [[200, 13, 14, 8, 7, 3, 2, 4, 5, 10, 12, 16], 13, 0.9], [[200, 13, 14, 8, 7, 3, 2, 4, 5, 12, 16], 13, 0.9], [[200, 13, 14, 8, 7, 3, 2, 4, 9, 10, 12, 16], 13, 0.9]], 8: [[[200, 15, 14, 13, 12, 5, 4, 2, 3, 7, 8], 14, 0.9], [[200, 15, 14, 13, 12, 6, 5, 4, 2, 3, 7, 8], 14, 0.9], [[200, 15, 14, 13, 12, 10, 9, 4, 2, 3, 7, 8], 14, 0.9], [[200, 15, 14, 13, 12, 10, 5, 4, 2, 3, 7, 8], 14, 0.9]], 4: [[[200, 16, 12, 13, 14, 8, 7, 3, 2, 4], 11, 0.9]]},

4: {1: [[[4, 2, 3, 7, 8, 14, 13, 12, 10, 9, 1], 16, 0.9], [[4, 2, 3, 7, 8, 14, 13, 12, 16, 11, 9, 1], 16, 0.9], [[4, 2, 5, 6, 12, 13, 14, 8, 7, 3, 100, 1], 16, 0.9], [[4, 2, 5, 10, 12, 13, 14, 8, 7, 3, 100, 1], 16, 0.9], [[4, 2, 5, 12, 13, 14, 8, 7, 3, 100, 1], 16, 0.9]], 2: [[[4, 5, 12, 13, 14, 8, 7, 3, 2], 11, 0.8500000000000001]], 3: [[[4, 2, 5, 12, 13, 14, 8, 7, 3], 12, 1.0]], 4: [[[4], 0, 1]], 5: [[[4, 2, 3, 7, 8, 14, 13, 12, 5], 12, 1.0]], 6: [[[4, 2, 3, 7, 8, 14, 13, 12, 6], 11, 1.0]], 7: [[[4, 2, 5, 6, 12, 13, 14, 8, 7], 11, 1.0], [[4, 2, 5, 10, 12, 13, 14, 8, 7], 11, 1.0], [[4, 2, 5, 12, 13, 14, 8, 7], 11, 1.0]], 8: [[[4, 2, 3, 7, 6, 12, 13, 14, 8], 11, 1.0]], 9: [[[4, 2, 3, 7, 8, 14, 13, 12, 10, 9], 12, 0.9], [[4, 2, 3, 7, 8, 14, 13, 12, 16, 11, 9], 12, 0.9]], 10: [[[4, 2, 3, 7, 8, 14, 13, 12, 10], 11, 1.0]], 11: [[[4, 2, 3, 7, 8, 14, 13, 12, 16, 11], 11, 0.9]], 12: [[[4, 2, 3, 7, 8, 14, 13, 12], 9, 1.0]], 13: [[[4, 2, 5, 12, 6, 7, 8, 14, 13], 12, 1.0]], 14: [[[4, 2, 3, 7, 6, 12, 13, 14], 10, 1.0]], 15: [[[4, 2, 3, 7, 6, 12, 13, 14, 15], 11, 1.0]], 16: [[[4, 2, 3, 7, 8, 14, 13, 12, 16], 10, 1.0]], 200: [[[4, 2, 3, 7, 8, 14, 13, 12, 16, 200], 11, 0.9]], 100: [[[4, 2, 5, 6, 12, 13, 14, 8, 7, 3, 100], 13, 0.9], [[4, 2, 5, 10, 12, 13, 14, 8, 7, 3, 100], 13, 0.9], [[4, 2, 5, 12, 13, 14, 8, 7, 3, 100], 13, 0.9]]}}


